 year   CV   CS   DPM   RPM   BIO   HUM
  1932.0   717.2536422916662   1785.4992905017125   4.961067071556451   436.9257934225968   35.00662589375405   1308.60580289048 
  1933.0   718.3607266765924   1787.4514892826346   4.981208529530003   438.49486400776607   35.069492757622776   1308.9059248020797 
  1934.0   718.7181817124155   1787.683564186864   4.873091785565733   438.52779546691744   35.09490750545695   1309.187770312712 
  1935.0   718.8835513942172   1786.6248872520744   4.792304409319796   437.35847133445674   35.066691461729896   1309.4074193921485 
  1936.0   718.7193614620546   1785.6037581882413   4.845652082820932   436.1900575117648   35.007539222968184   1309.5605101035026 
  1937.0   719.195593771834   1786.216651927138   4.948847497999048   436.5216439187497   34.999844807086546   1309.7463143204945 
  1938.0   719.5912529416879   1786.9398627395697   4.925547651172335   437.0272106021625   35.02207458419414   1309.9650310678792 
  1939.0   719.5252785628345   1786.6347637674835   4.822050481670668   436.64702514681596   35.01537423353807   1310.150314322936 
  1940.0   720.0862767557941   1786.9269771315894   4.938777231630218   436.6762501347042   34.99958759393005   1310.3123628655392 
  1941.0   720.4674817391913   1787.513719402537   4.885948679014507   437.0868694632374   35.02077780221718   1310.5201236969983 
  1942.0   720.9679895085211   1787.7614000263468   4.919394812953078   437.1235091023094   35.01930951594418   1310.6991870899387 
  1943.0   721.5994683736352   1788.4778810639248   4.931091543148276   437.58717650538995   35.04356718688734   1310.9160467349182 
  1944.0   722.2104940658251   1788.7439301939   4.864282194752351   437.68719185828974   35.061842359032084   1311.1306133903877 
  1945.0   722.78346662663   1789.3291564312465   4.895291830133934   438.0079391913151   35.07619467009553   1311.3497309496252 
  1946.0   722.7535204809462   1788.30236608524   4.774029185787917   436.9354250694728   35.05703590914516   1311.5358768823232 
  1947.0   722.8972429302763   1787.7810914704899   4.872848275199366   436.233256122531   35.011362215087566   1311.663625234019 
  1948.0   724.0021354691788   1789.6644705868514   5.053249860931524   437.6905125102119   35.04472156319625   1311.875986231101 
  1949.0   724.4465185410713   1791.1442493300744   4.9318192187965275   438.93219068544204   35.11941056707449   1312.1608272456424 
  1950.0   724.0212587213581   1789.9756437141464   4.81455478362733   437.7248743827425   35.09693742832334   1312.3392773458797 
  1951.0   724.4455326177995   1789.5329421112165   4.905907321708707   437.095714978326   35.05738186050102   1312.4739382956868 
  1952.0   724.9576136887667   1790.7912878942343   4.946692688837572   438.0747709557111   35.08615442539251   1312.6836708635685 
  1953.0   725.6558579227567   1792.0873219355067   4.991054770037278   439.03752562739595   35.130789258568896   1312.927951765377 
  1954.0   725.8094989428342   1792.3985141118133   4.916296473684836   439.1644219093129   35.1539269812139   1313.1638695730041 
  1955.0   726.2744549047179   1792.7596055055596   4.947284521213057   439.2796164291078   35.15795822113068   1313.3747469843747 
  1956.0   726.585707185062   1793.9568469822284   4.958539115188451   440.1609453740423   35.20028094956561   1313.6370821734745 
  1957.0   726.1834841086369   1793.6249398575505   4.8321148327874806   439.7353339517742   35.20249286408408   1313.854998561547 
  1958.0   726.2587821169668   1793.5959243952673   4.93618293429108   439.4448945066214   35.18055606398974   1314.0342916165548 
  1959.0   726.1751268333063   1793.6034094360357   4.890001757047107   439.28499488959994   35.186601145871215   1314.2418109369971 
  1960.0   726.5166190567694   1793.9317885305366   4.926442758291919   439.3796542108308   35.1868751669079   1314.438816200397 
  1961.0   726.8286831606318   1794.6594032920098   4.94961868630417   439.84154072039325   35.20605524695913   1314.6621880449502 
  1962.0   727.178099787223   1794.3724939270219   4.88771400046866   439.41212344198357   35.20570118644858   1314.866954505709 
  1963.0   726.3706206052715   1792.6954967764225   4.744380352322049   437.80292311526966   35.15205288189216   1314.9961423255254 
  1964.0   726.353037901288   1791.6308102557257   4.781735525681092   436.68282838579887   35.085685707108645   1315.0805593712155 
  1965.0   726.4991620634821   1792.10389037321   4.952561932172868   436.90493690291464   35.058709922591504   1315.187682777606 
  1966.0   726.5204424799193   1792.4332513552479   4.855616219475013   437.15256531160367   35.07629575498461   1315.348773591309 
  1967.0   726.8495759321754   1792.0306598946966   4.8592629689282125   436.6601179621673   35.05168185744382   1315.4595960586128 
  1968.0   726.8048723898573   1791.6984756969819   4.809958588649244   436.279697711306   35.03714507127895   1315.5716746871808 
  1969.0   726.6755553825201   1792.1195108383054   4.960458542785807   436.4596412745843   35.02404143922816   1315.6753700028114 
  1970.0   727.2726550677504   1793.6507662565632   4.973137683815212   437.7264496237186   35.078166408610414   1315.8730147120386 
  1971.0   727.4039703050518   1794.1809936499585   4.884737415172708   438.09423212128024   35.11842645847747   1316.0835988831411 
  1972.0   727.2924036198493   1793.5938831955164   4.875106248466181   437.3941898011624   35.10012328649275   1316.2244649297556 
  1973.0   727.518008325932   1793.7453253894264   4.911088277350166   437.3819811123644   35.090784980085786   1316.3614719727789 
  1974.0   727.295915876826   1794.5021096572532   4.93220853361782   437.9280591705618   35.10989365561094   1316.5319475284832 
  1975.0   726.3499405340553   1794.2078650872415   4.805404709942528   437.59860450104935   35.111725608763415   1316.6921305919452 
  1976.0   725.8006590720443   1792.8878247554471   4.789669599496779   436.29912171143803   35.04736204158708   1316.7516718808001 
  1977.0   725.4698274805921   1792.324757559293   4.803616382628646   435.70743657584177   35.004898899956636   1316.8088054652217 
  1978.0   725.0151318691551   1792.6790116431223   4.894656798726975   435.9009775800841   34.992157935473024   1316.8912180678212 
  1979.0   725.036134538141   1793.5341369740463   4.945228654853273   436.561348772843   35.01235343272883   1317.015206965344 
  1980.0   724.8794583536421   1794.1723905049525   4.900588663377313   437.046672426251   35.048699871171685   1317.176429141294 
  1981.0   724.4638421099601   1793.7756208866952   4.890399501769651   436.5657257438967   35.03660418660597   1317.2828910508042 
  1982.0   723.8158488869377   1792.6904381316424   4.761043168881731   435.5584889129848   35.009214077905725   1317.3616929707748 
  1983.0   723.7112502051343   1792.6961518920896   4.923992715180723   435.4012794248904   34.972394897229805   1317.3984841493204 
  1984.0   723.8699370740004   1793.8837217771156   4.970515105022104   436.38363616411414   35.00712697976995   1317.5224445523515 
  1985.0   723.7025664540329   1794.5323270829963   4.898184968737076   436.91570919469723   35.044962444142904   1317.6734701187897 
  1986.0   723.1128950910895   1793.8506164978778   4.81673043378363   436.2303849553959   35.03240652248401   1317.7710942733727 
  1987.0   722.6856184078525   1793.6826543820325   4.933291278914018   435.9035910249979   35.00507079256734   1317.8407012652915 
  1988.0   722.9564558435109   1794.5818356428586   4.951500145347398   436.6044506639061   35.04058915895805   1317.985295159156 
  1989.0   723.0379653765887   1794.8309836603555   4.88129352793758   436.7663451676174   35.061450567277426   1318.1218942348983 
  1990.0   722.4577164035999   1794.6403164680264   4.86535122972967   436.5013143158014   35.0508807652707   1318.222769442964 
  1991.0   722.2593894338675   1794.705638271772   4.92105655200953   436.44070447643367   35.03644512881814   1318.3074332770943 
  1992.0   722.2329080029846   1794.6051097586947   4.846648369414453   436.3060542859066   35.0390097648258   1318.4133971191802 
  1993.0   721.763807126332   1794.718452259166   4.853080194399707   436.3211412748774   35.032756029858646   1318.5114736877629 
  1994.0   721.6432286440256   1794.7241961556872   4.88628595321785   436.2026810121189   35.02578363546616   1318.6094449077154 
  1995.0   721.8926297038295   1795.3615420439762   4.913632828822427   436.6602307605866   35.04680130578289   1318.7408752624915 
  1996.0   721.9363034079877   1794.6435545094794   4.846902943233964   435.9270794091418   35.03304402900448   1318.8365278247031 
  1997.0   722.0776227498999   1794.7359429077658   4.924229088157479   435.8741205433904   35.01759734653465   1318.919997230277 
  1998.0   721.7665853551721   1795.6094306689743   4.94514607910503   436.58698813689966   35.03738883808008   1319.0399074456018 
  1999.0   721.4910097885244   1795.7523968908226   4.90674229163349   436.65883821010874   35.04330580702948   1319.1435110199861 
  2000.0   721.8774577048005   1796.6782699255766   4.968658964863774   437.3615630114905   35.070654647350196   1319.2773939282072 
  2001.0   722.6250604084618   1797.814633664927   4.968471174432125   438.26097055549064   35.12241949007441   1319.4627723786257 
  2002.0   722.6031082559687   1797.2598482599158   4.816850600357139   437.69691370210626   35.1309560713913   1319.6151271706788 
  2003.0   722.711676930809   1796.483762037132   4.8784211508447015   436.8240589764014   35.089881561293566   1319.6913998776126 
  2004.0   723.0841580547101   1797.4051161722264   4.959690955533694   437.5172271601321   35.106518083095544   1319.8216800911484 
  2005.0   722.779425469313   1797.8983820526153   4.8406357435569145   437.92186790850445   35.141167973183435   1319.9947094000245 
  2006.0   722.4350546065018   1796.421387707629   4.7649002970722725   436.47341253322594   35.099779790088405   1320.083295635605 
  2007.0   722.4150804633248   1796.3225448123976   4.941460354206301   436.1662848153473   35.064928327448484   1320.1498721852186 
  2008.0   722.2901883734246   1797.69538908619   4.96640476345698   437.3207181437649   35.10579764523714   1320.3024674310177 
  2009.0   722.1072002158761   1797.8134468292421   4.914461820650222   437.32360463341024   35.124388198443135   1320.4509921962358 
  2010.0   721.5102426371373   1797.162847806481   4.9239729693850345   436.6033704688949   35.09890410132498   1320.5366004884177 
  2011.0   721.4752427260759   1796.8360178539212   4.918995901081898   436.23463237220705   35.076872669396195   1320.605517460854 
  2012.0   721.2102172076419   1796.9710088976572   4.865440883728227   436.31864398087293   35.08360858610263   1320.703316550621 
  2013.0   720.5659534809496   1796.8652501136933   4.901143882815898   436.12436945095806   35.066950208032594   1320.7727866199268 
  2014.0   720.5147418985027   1796.750056147272   4.902947752069212   435.94095937295776   35.05901267181535   1320.8471364522354 
  2015.0   721.6468667987288   1797.6957715454619   5.027492676694439   436.63128930576624   35.081287503464615   1320.9557030621252 
  2016.0   722.5643199378665   1799.9535885729051   5.048790844671942   438.55271471476266   35.17357068604014   1321.1785126429859 
  2017.0   722.0484923325332   1800.4301069149735   4.890163456691108   438.9187318829021   35.2256888108731   1321.3955217107552 
  2018.0   721.3585248408768   1798.8206532236727   4.820815765230964   437.31727067144175   35.179910074512875   1321.5026574001247 
  2019.0   721.15675065586   1798.1642040084905   4.940156444877052   436.5436354279756   35.12423407286378   1321.5561770364527 
  2020.0   721.2598646791456   1798.9830184758412   4.952501945727968   437.20451705110594   35.142179406706134   1321.6838208405159 
  2021.0   721.3375496083299   1800.4916175836443   5.013572419060692   438.4204076267302   35.189936884313674   1321.8677010348492 
  2022.0   721.077349253135   1801.641880012913   4.9883309849782576   439.3257758473253   35.241417570234084   1322.0863542651773 
  2023.0   719.8717364428101   1800.803575089714   4.8189807194440535   438.4805670210981   35.23955616306413   1322.2644695141023 
  2024.0   719.3506045637367   1799.6528125373711   4.864851819845714   437.2472724523797   35.181768724402055   1322.3589194267192 
  2025.0   719.199998044583   1799.5814556032533   4.8844062518033535   437.05891720439695   35.16356613677347   1322.474565689262 
  2026.0   717.977584637951   1799.6535038012896   4.848178264382609   437.04619163578366   35.156220859359216   1322.6029124023682 
  2027.0   717.562498234987   1800.1737227543924   4.884782999755462   437.38892472198614   35.15772692609559   1322.742287897006 
  2028.0   717.2913679638583   1799.9912970997334   4.851546577975242   437.1194807236803   35.1480970332419   1322.8721727754541 
  2029.0   717.1513768565839   1799.785417516349   4.860167173440896   436.79159415143147   35.134370578553025   1322.999285637666 
  2030.0   717.4436184509221   1800.278153116631   4.923799936425871   437.07551388240773   35.135105980034005   1323.143734119238 
  2031.0   717.3822996902318   1800.3448613256319   4.852453685502315   437.0434568635601   35.143977052545225   1323.3049729276486 
  2032.0   717.1013544410115   1799.6515374691144   4.83196832495165   436.2850144475899   35.11527928538637   1323.419275508052 
  2033.0   717.2134180790632   1799.873704767451   4.999859305119294   436.25694519852163   35.09353568545648   1323.5233647129633 
  2034.0   717.500497824261   1800.3072544173563   4.920099957196316   436.58718659849933   35.117411827676264   1323.6825551379025 
  2035.0   718.122862932102   1800.0611270461322   4.899138172966369   436.2422722232563   35.11010562826409   1323.8096109781027 
  2036.0   718.6771001045427   1800.490874874163   4.981652902652355   436.45381080294214   35.11049873514775   1323.944911283228 
  2037.0   718.5889665517328   1801.2511741949413   4.963801172158847   437.0263633758163   35.140928430697514   1324.1200821738912 
  2038.0   718.2300236853525   1801.6381618228806   4.937366993996224   437.2672673465324   35.15439686940061   1324.2791308386757 
  2039.0   717.4423782885223   1801.437557282865   4.878597262850494   436.99206285805417   35.15032495494169   1324.4165726881595 
  2040.0   716.6562379924123   1800.8554079387554   4.8602743604832295   436.35924899807065   35.12036480324996   1324.5155192330847 
  2041.0   716.6524188742246   1800.547584596932   4.894525151195267   435.957063119172   35.09449556502953   1324.6015020629686 
  2042.0   716.7381196506252   1801.0425855703936   4.918181494130507   436.29458440000354   35.10403126119586   1324.7257884750297 
  2043.0   716.0228439495949   1799.5221402071243   4.764145749704056   434.90834866613557   35.06353416598607   1324.7861112466667 
  2044.0   716.0652818555413   1798.4344333953943   4.962490689522795   433.733857641269   34.98179378668764   1324.756292527295 
  2045.0   716.3182465455674   1799.701224667938   4.9637839146648846   434.86806134939224   35.01606383642826   1324.8533150373107 
  2046.0   715.7424471751941   1800.6082251953442   4.910208988723872   435.6834369202689   35.04812435295327   1324.966454123397 
  2047.0   715.0501511497664   1799.9174630085313   4.8200739994251425   435.046705947387   35.02914572168951   1325.0215372296057 
  2048.0   714.7128563297275   1799.9965294787175   4.961821175991567   434.96753643038625   35.00666617340103   1325.0605057618657 
  2049.0   713.9756829330842   1800.9356236056221   4.947534393272445   435.77313823798124   35.0416188879644   1325.1733319746916 
  2050.0   713.8052348081816   1801.195773228724   4.967570705672673   435.91752737476753   35.04956645962203   1325.2611082105943 
  2051.0   713.2320752581605   1800.9500131110092   4.90472309199715   435.64835686559707   35.052305302891746   1325.3446274536145 
  2052.0   713.4160056246544   1801.3531946378805   5.036799949891918   435.8687055009693   35.04590532549985   1325.4017857977278 
  2053.0   713.3347942481859   1802.6079054397285   5.004723911164606   436.96436276761193   35.10071698513355   1325.5381012018954 
  2054.0   713.1409004311886   1802.5577983286537   4.928847871115693   436.8702783566976   35.11371119874407   1325.644960329758 
  2055.0   713.4416118889735   1803.2957015625018   4.988815227468718   437.3987790554526   35.13735757442892   1325.7707504393472 
  2056.0   713.3778331706211   1802.8154865700874   4.900837023687805   436.89347074506753   35.13904397020868   1325.8821341387036 
  2057.0   713.4834699393392   1803.6480417566306   5.042821294428837   437.4592969761882   35.14980342797935   1325.9961203180844 
  2058.0   713.6219505428418   1804.0003192640224   4.932515143827435   437.7368669815113   35.181096869153194   1326.1498405507486 
  2059.0   714.0116034655507   1804.9670391175875   5.0092228028779155   438.4538380518282   35.20243988085182   1326.30153871563 
  2060.0   713.8888074090921   1805.5472883710017   4.88996735334384   438.93085425033564   35.239087220743045   1326.48737939836 
  2061.0   713.3973300812128   1805.1838361235498   4.900720945625524   438.4448832502779   35.22186215801335   1326.6163699608571 
  2062.0   713.3523036721407   1805.7642419840822   4.993293754150407   438.7527986196078   35.23603581984842   1326.7821148116045 
  2063.0   713.0163969453829   1806.7526148648747   4.977186420703908   439.5038907571637   35.27782653796575   1326.9937121313028 
  2064.0   712.5744184210015   1806.1388578266626   4.8108641878618785   438.858372186884   35.28672883121085   1327.182892125797 
  2065.0   712.4739289508227   1804.1544692451198   4.790410613392318   436.89385030434016   35.210627176932476   1327.2595818520842 
  2066.0   712.8058566332251   1804.309779521158   4.968996933612276   436.8169051994132   35.175927462752504   1327.3479479876626 
  2067.0   713.4492894484899   1805.761891129366   5.041308990487473   437.9805671745056   35.21583411453287   1327.5241803276351 
  2068.0   713.0747115898489   1805.6452008678223   4.9264436793185435   437.80956201390103   35.22759013106031   1327.6816045443768 
  2069.0   712.9312477493839   1805.67781296319   4.954671540757898   437.6842232257178   35.22248942589782   1327.8164278188644 
  2070.0   713.1849236765789   1805.3847400313803   4.9454078300569195   437.29800908322227   35.20630099428047   1327.935022063657 
  2071.0   713.3164529939916   1806.3271998308771   4.989541845999337   438.01821091335347   35.227299353433686   1328.0921471489492 
  2072.0   713.405626136719   1806.3681578521357   4.91571530906533   437.9736910478656   35.23469080042757   1328.2440603663283 
  2073.0   713.3024758866594   1805.9439305128024   4.902657252669057   437.44203404212647   35.22421213643463   1328.375026220437 
  2074.0   713.2650500851404   1805.6554786382087   4.913514553453412   437.0393169953785   35.20881036070951   1328.493835468553 
  2075.0   713.0109958374505   1804.798834535435   4.842337112174289   436.1930986100909   35.17884180577839   1328.584557179544 
  2076.0   712.572498525638   1803.7316996180532   4.7936977244571395   435.18178396602747   35.12711392296967   1328.6291032217073 
  2077.0   712.6263076459293   1803.2370867612647   4.893853237711844   434.62724053721973   35.07232785608182   1328.643665597032 
  2078.0   713.1184782923442   1803.8491240238286   4.95670906149816   435.0983793210039   35.07541991113447   1328.7186159020516 
  2079.0   713.4906932812343   1803.8023688387786   4.875732132323489   435.0296247071628   35.084647246138815   1328.8123651807564 
  2080.0   714.4222641760315   1803.8854116009459   4.957744580776205   434.9688742702517   35.07532382881494   1328.8834694662717 
  2081.0   714.7129528547256   1803.8818239413463   4.904512087330331   434.9220234443576   35.08014951578298   1328.9751382817658 
  2082.0   714.3981834970365   1803.4623932345044   4.841094350565637   434.5132466700953   35.06572631961789   1329.0423260177129 
  2083.0   714.1288449481162   1803.2291789232754   4.9152520058555655   434.1982923670669   35.0348119867642   1329.080822130208 
  2084.0   714.3760403217277   1804.0717412496358   5.026949183821074   434.83842365987886   35.04467042214008   1329.161697815602 
  2085.0   714.6023431672205   1804.9426463520979   4.999927719234276   435.58059221580504   35.080825529017154   1329.2813005809721 
  2086.0   714.2179713306538   1804.909136192561   4.872650472680931   435.53072501570045   35.1029587658581   1329.4028015534218 
  2087.0   713.2645575925485   1803.429741253834   4.808651674192348   434.13555574167543   35.05281915926304   1329.4327151594025 
  2088.0   712.6353521873101   1802.5870617052485   4.871775480702419   433.3124168085128   34.99242542379043   1329.410443881221 
  2089.0   712.7583599989842   1803.1497243778012   4.97096845872374   433.7556047133188   34.987074683558305   1329.4360768141728 
  2090.0   712.4259867778537   1803.6075345315166   4.9264882509301815   434.1725587130141   35.00518035322171   1329.5033061518686 
  2091.0   712.1820185241306   1803.5639395977335   4.902034346956368   434.10660508092053   35.00342149024941   1329.5518778552675 
  2092.0   712.7470517720063   1803.605871643405   4.984261746778867   434.03269579004507   34.99908594636397   1329.5898282539968 
  2093.0   713.1131868694872   1804.2360967368106   4.981330229801161   434.55676473687186   35.02716280724081   1329.6708395311477 
  2094.0   713.3429437127583   1804.9248738114868   4.946728256718979   435.1515654359576   35.0574831287432   1329.7690982065612 
  2095.0   713.5121593248049   1805.61470192411   4.979881632804729   435.68426552132274   35.080963124105374   1329.8695898227918 
  2096.0   713.5838832166208   1805.9472587375378   4.898920028861103   435.96090101567586   35.10481461967312   1329.982623223081 
  2097.0   712.7849417948732   1805.1609166501562   4.798039491389876   435.22211409881686   35.08762852454014   1330.0531352645016 
  2098.0   712.0672780897971   1804.3632830108309   4.9079735004927105   434.3736167282601   35.029676161310476   1330.0520175270549 
  2099.0   712.1396781089892   1805.25635211889   5.020176243176157   435.0832612387275   35.038417700496396   1330.1144962908297 
  2100.0   712.0033900603773   1806.8471373428895   4.974023707213062   436.51869460330494   35.09871138631932   1330.2557074436654 
  2101.0   712.3039747667972   1807.534434979005   4.901925717369002   437.09469477127584   35.14046573842761   1330.3973481441594 
  2102.0   711.8228435686366   1806.3344230103148   4.806490998724994   435.9498898794688   35.113163434588294   1330.46487828444 
  2103.0   711.8413761730615   1805.2506799276005   4.878345293035814   434.8210233123938   35.063291864013614   1330.4880198254805 
  2104.0   712.1931760405788   1804.9547535361853   4.918126484183002   434.4663100201182   35.04314977948654   1330.5271666946023 
  2105.0   712.0871099553567   1805.0801290714185   4.8688446820655   434.5680253511246   35.04699547189494   1330.5962637322996 
  2106.0   711.6564737461844   1804.9331213972046   4.912431614569982   434.3515579354957   35.02957771422835   1330.6395547353984 
  2107.0   711.7755566649507   1804.3601071607668   4.89784126530956   433.78336272825544   35.00870002910708   1330.6702031206278 
  2108.0   712.2610142081134   1804.5768084299218   5.019692490830018   433.8580268844517   35.00179194090169   1330.6972974404464 
  2109.0   712.9017833877498   1805.6803772724015   4.956627828952132   434.87471841475224   35.05085647324367   1330.7981742991956 
  2110.0   712.723962487123   1805.5733457657386   4.875707657101876   434.78134503833473   35.05239264410696   1330.8639014138455 
  2111.0   713.3111338089517   1805.4723600254017   4.969201827621045   434.5766481621143   35.03178048951971   1330.8947295301557 
  2112.0   714.0816880795188   1806.1810134007253   4.9971627867804616   435.1488816223053   35.05591954698933   1330.979048460562 
  2113.0   714.3282045599354   1807.237417207262   5.001761896335042   436.0451462250134   35.09514169825577   1331.095367304397 
  2114.0   714.4794045511954   1808.0617149273728   4.960531510689986   436.74403437265454   35.13314691845483   1331.2240022584576 
  2115.0   714.4791005648613   1807.6600767186687   4.906142512710767   436.29576956994526   35.13386772030485   1331.3242963174453 
  2116.0   714.62399077139   1807.2617823155142   4.935753905426906   435.8170702573565   35.11529869698336   1331.3936588682466 
  2117.0   713.7255157053966   1806.4963585516807   4.836070607028607   435.10120722090477   35.10043087664753   1331.4586499264713 
  2118.0   713.5315407076415   1806.1766805279706   4.956036681175244   434.6827761289803   35.063197060972136   1331.4746704442314 
  2119.0   713.4287272501705   1806.3372406111534   4.913745295479883   434.8207343830777   35.06850546619036   1331.5342563025429 
  2120.0   712.9221308359515   1805.6346321267806   4.88249834273102   434.17452402107125   35.03555389959319   1331.542057222741 
  2121.0   713.2328744237257   1806.3670398741206   5.009408234571317   434.75050393395816   35.03515153320965   1331.5719749794537 
  2122.0   713.2701472583866   1807.4721265028581   4.982862422582965   435.75267803648757   35.0767023383889   1331.6598823498607 
  2123.0   712.7132964492132   1807.729239204966   4.9184787666727745   435.97231370166236   35.09683138435025   1331.7416152008993 
  2124.0   712.8751518958773   1807.789803714317   4.935434788924986   435.93461187141804   35.10481668631135   1331.814941105142 
  2125.0   712.702176075127   1807.4774643451933   4.908221649682983   435.573430918743   35.108005187906876   1331.8878081127698 
  2126.0   712.4828922118263   1807.1771682821811   4.967081158574487   435.20903723471156   35.086362741079874   1331.9146868520809 
  2127.0   712.5338786506275   1807.9188507729343   4.958548843756903   435.8544630600596   35.110776850282676   1331.9950624494245 
  2128.0   712.0330350703921   1806.8818808604883   4.815210768464964   434.94355795081356   35.089699541740174   1332.033412156011 
  2129.0   711.8333746085644   1806.5401534607954   4.908253842997048   434.5362317673122   35.05499126547591   1332.0406769160345 
  2130.0   711.5246880216126   1806.3263206507092   4.885532803863009   434.345899770544   35.03752932544406   1332.0573597924724 
  2131.0   711.4457476758188   1806.6579927063658   4.964901313611036   434.57330298275343   35.03439306998408   1332.0853967035969 
  2132.0   711.6811708540208   1806.8975638758318   4.952111164704546   434.76994656584424   35.0441753130434   1332.131331643025 
  2133.0   711.1858996718144   1807.090373204281   4.900918750211785   434.93814898694717   35.05932589393444   1332.191977936462 
  2134.0   710.6561406097813   1807.0066022198248   4.921336088521572   434.8003056323494   35.05336458499563   1332.2315962788875 
  2135.0   710.4790472427981   1807.4418645971327   4.930929163223035   435.14500428209936   35.069160014334216   1332.2967702292449 
  2136.0   710.4100080115372   1807.4402180683994   4.971779183434294   435.0664898708961   35.06333482119698   1332.3386156460244 
  2137.0   711.016165052299   1807.8092877729682   4.981641994617177   435.34862725709087   35.076679236733035   1332.4023376630666 
  2138.0   711.6719345427877   1808.4956868082757   4.991385616275489   435.9022852264366   35.10686119093627   1332.4951557801119 
  2139.0   711.6433675994227   1808.1852818683756   4.857285230475709   435.61177657535023   35.124524018697   1332.5916957450877 
  2140.0   711.9703195712966   1807.4575475255938   4.896100253815582   434.85139730227695   35.09195032480479   1332.6181003272702 
  2141.0   712.0151480584074   1807.695446303102   4.981410398019323   434.98153854346623   35.07925261812788   1332.6532452287245 
  2142.0   711.7166317935871   1808.3792499143017   5.002196818548498   435.55586597367585   35.09749952033855   1332.723686696922 
  2143.0   711.2752115656432   1807.954928086919   4.848810008209272   435.22052519487147   35.10022771524453   1332.785364627104 
  2144.0   711.3974807291817   1807.8971765044028   4.980418699122203   435.03768060190316   35.075413446490735   1332.803664098384 
  2145.0   711.0004086643419   1808.6262294569065   4.939459433441951   435.7005714958238   35.101887282445325   1332.884311676399 
  2146.0   710.8134689380794   1808.4402774249174   4.9137905528516   435.50228452967787   35.09397139327821   1332.9302306926875 
  2147.0   711.0743485034703   1808.93499757686   5.037650004670702   435.7912283080952   35.1047330100505   1333.001385946977 
  2148.0   710.7535462181053   1808.5018361606142   4.924772226878577   435.4073876630634   35.10634377032027   1333.0633311199092 
  2149.0   710.4822261360355   1808.591363202731   4.961915422091754   435.4248442845623   35.09779556499089   1333.1068090499732 
  2150.0   710.014821528721   1808.656459581553   4.9213724395442595   435.45488433117464   35.10591099955009   1333.1742930739442 
  2151.0   710.1718275356684   1809.133723026837   4.989049183415845   435.7786339898197   35.11837757532287   1333.2476620717864 
  2152.0   709.6385159918273   1809.1802809303426   4.925542887401569   435.7911274479977   35.13129424173486   1333.3323176406122 
  2153.0   709.3636564632708   1808.5005321298522   4.867255185745375   435.1445489259861   35.11125522274528   1333.3774721149093 
  2154.0   709.3390330223543   1808.7476104609152   4.955540823585179   435.2631301211609   35.10366406763859   1333.425275627238 
  2155.0   708.7776356348973   1808.57568714014   4.903041710859611   435.0879531109138   35.10172048029439   1333.4829722631027 
  2156.0   708.3438191641939   1808.9920909405707   4.974753187224648   435.3668855656625   35.105487486376084   1333.544965141779 
  2157.0   707.9349136125663   1808.6242612352162   4.9151719834094605   435.01886352155657   35.09588587075583   1333.5943402829566 
  2158.0   707.3445995715743   1809.1290816843223   4.981708186796339   435.39083286200605   35.10078388098831   1333.6557566492518 
  2159.0   707.5311438057583   1810.218158892131   5.010899024617062   436.2945195242076   35.140709308856735   1333.7720304191428 
  2160.0   707.4215571508686   1811.4816203474982   5.009402004593512   437.3392755536991   35.19736707034904   1333.9355749508736 
  2161.0   706.7077988963223   1810.280787068511   4.8309800932746265   436.2315811850127   35.184036595411975   1334.034189325609 
  2162.0   706.2794521733321   1808.714739939349   4.915212164498478   434.6583209681039   35.110274768171735   1334.0309319746707 
  2163.0   706.8262197362395   1809.1908408238635   5.060699382730424   434.95194653517564   35.10233876173222   1334.0758559232588 
  2164.0   706.8234403536575   1809.4245745291328   4.984851702748415   435.17113500250974   35.11892788195322   1334.1496599559373 
  2165.0   706.6048013218397   1809.6786667759616   4.936633225001457   435.38810786627835   35.12897695866386   1334.2249484798067 
  2166.0   706.692269519658   1808.994043069667   4.809993947296   434.7894152444706   35.116486405144244   1334.2781474029046 
  2167.0   707.204034965034   1807.8689935516074   4.841759742646773   433.6882738818918   35.06587381196941   1334.2730858320951 
  2168.0   707.5114917866229   1807.9689455287535   4.969245376900121   433.66547595886703   35.045565132292175   1334.2886603956758 
  2169.0   707.9704564348424   1808.3997834463516   4.965791359457386   434.0272315314076   35.06084115158147   1334.3459192344058 
  2170.0   707.9424800354774   1808.4197287893346   4.909212121896388   434.03634980008707   35.0686901501325   1334.4054769290217 
  2171.0   707.7698467166106   1807.9529791755572   4.867711778974305   433.5767516230983   35.05870870392918   1334.449806549685 
  2172.0   708.1285407576418   1807.377625995471   4.923845308083473   432.96538732004836   35.02698639415805   1334.461407703799 
  2173.0   708.7972645937066   1807.540019257202   4.965148176173012   433.05905243572147   35.02114461067042   1334.4946734164123 
  2174.0   708.7174890735668   1808.261905147659   5.010987673267762   433.6778644347023   35.03023077827931   1334.542819925651 
  2175.0   708.7421113334146   1808.3148239940092   4.953644499617506   433.7353483026091   35.03424901335159   1334.5915828685752 
  2176.0   708.4835564273728   1808.1287262029243   4.97846273354959   433.51719937755297   35.02081363710062   1334.6122504210284 
  2177.0   708.4509685605594   1809.3393528630675   5.060362512403337   434.54793393938564   35.05014578424647   1334.680910484868 
  2178.0   707.8903880562111   1809.253089046753   4.861930027794706   434.55800456970286   35.07338071078006   1334.759774135217 
  2179.0   707.8959152832336   1808.9852258981248   4.966134685211563   434.18887494727613   35.05017697477591   1334.7800388028509 
  2180.0   708.0184970295696   1808.9511789427509   4.9668352174469215   434.11266964833135   35.049686369061845   1334.8219866386535 
  2181.0   707.7528654209249   1808.6673465790318   4.896332989850613   433.8736723980799   35.043901008738004   1334.853441084065 
  2182.0   707.5222105733951   1808.5128333034065   4.9500439252018165   433.670722208533   35.02672538071185   1334.8653430357874 
  2183.0   707.7554546798423   1808.9804699950282   5.03164913254844   434.0096619661108   35.03420352643761   1334.9049560328729 
  2184.0   708.008342921126   1809.9031515150627   5.03181812952669   434.805742805995   35.07182246368377   1334.9937687705508 
  2185.0   708.2079238469888   1810.3053638276847   4.97091682109479   435.14796244519897   35.100789275929785   1335.0856954577505 
  2186.0   707.9364017515434   1810.3481403663616   4.993845852948623   435.12885967283364   35.09574111885754   1335.1296935411829 
  2187.0   707.7296714851296   1810.619995479863   4.954940297199886   435.36097299606644   35.10810323941117   1335.1959799470176 
  2188.0   707.112730976805   1811.0393775633668   4.92877985434155   435.7147131992407   35.12323059443452   1335.272654631168 
  2189.0   706.7656493371263   1811.4731394855312   5.009998840995619   435.9833913309131   35.13075989247482   1335.348989168385 
  2190.0   706.6528492456063   1811.961820095163   4.9830220716549265   436.35377558250013   35.16120631477976   1335.463816021935 
  2191.0   706.950188277421   1811.7236788012417   4.964712613511181   436.04288353596615   35.16361295820672   1335.5524678090069 
  2192.0   706.719506352752   1811.3156980835784   4.926568637055249   435.61326960516067   35.15338548159455   1335.6224745607794 
  2193.0   706.463650724578   1810.8344708331608   4.936667536160343   435.11045678907806   35.12833776768393   1335.6590109973165 
  2194.0   706.287195700836   1810.224768704327   4.898139608816926   434.5474549606311   35.099836791047075   1335.6793374541198 
  2195.0   705.6468723779636   1809.8390688301731   4.87412611484956   434.20162831607007   35.07537397844322   1335.6879405768784 
  2196.0   705.3990507716734   1810.3232777455034   5.041146396831448   434.5173860780893   35.064297356046424   1335.7004474216187 
  2197.0   705.1836875758393   1810.272429009986   4.902105451065807   434.5320193368551   35.082904090026744   1335.755400618154 
  2198.0   705.2261703894426   1809.9370689483874   4.9446528053427485   434.1812709510176   35.05790322039701   1335.753241534687 
  2199.0   705.4490765634594   1810.4428100771   4.9810987029335   434.59597729263356   35.072158838277225   1335.7935757512007 
  2200.0   705.285824201312   1810.4558653053875   4.900571101761507   434.6308139526979   35.08304696316216   1335.8414336015157 
  2201.0   705.1701534607339   1810.9960725136923   4.969893454188659   435.04641688560133   35.09216446986307   1335.8875987996412 
  2202.0   704.8238537364946   1811.6517446282971   4.982217288852473   435.59429115197594   35.115929481693584   1335.9593058115079 
  2203.0   704.9085472179617   1812.0608336827252   4.967701232421579   435.9030969440297   35.14138178411078   1336.0486541254438 
  2204.0   704.7277228912822   1813.26950762472   5.0336711076442215   436.87260467789355   35.18638144450964   1336.1768506444819 
  2205.0   704.6400599506277   1813.713502646625   4.967597897744958   437.21770144724593   35.21828088582351   1336.3099238117243 
  2206.0   704.664090753801   1813.9056634425274   4.932777879179856   437.29101580076303   35.23793342422599   1336.4439363292906 
  2207.0   704.5153262523254   1813.352036422321   4.885595078133491   436.68401746197355   35.230314895436244   1336.5521097098758 
  2208.0   703.9099436366986   1812.1005140213383   4.844127856116126   435.4474508050235   35.19149194111678   1336.6174432309879 
  2209.0   704.372860411943   1811.5754730865244   4.984188782336459   434.80848689539613   35.14222018665431   1336.6405771905847 
  2210.0   704.8403965297538   1811.8823391641254   4.963623980043976   435.03964252008683   35.152383797276705   1336.7266877527968 
  2211.0   704.5644128880779   1811.6671161348834   4.907065678184048   434.8172273794369   35.14460777264199   1336.7982148957913 
  2212.0   705.1686306093222   1811.7350261585377   4.996156873930359   434.74847945350155   35.13221503442501   1336.8581760869872 
  2213.0   705.3125608774434   1812.3605459850505   5.0112762669374025   435.235661225396   35.15213752648513   1336.9614716429994 
  2214.0   705.2416607404873   1812.0426173340202   4.936579020980499   434.9123364891775   35.14952836920776   1337.0441733861337 
  2215.0   704.7781484707713   1811.8449574005087   4.9641170204268334   434.6477334257715   35.13262999429078   1337.1004761949848 
  2216.0   703.9174431942556   1811.8493700063798   4.972226382808287   434.6194301795654   35.116266729827906   1337.1414487423624 
  2217.0   702.9629155398089   1810.7853978468606   4.786154292263296   433.7379886994615   35.092743668587616   1337.1685131728734 
  2218.0   702.7977824780406   1809.7949841450306   4.938228571400219   432.7042194216688   35.0291792884838   1337.1233570684722 
  2219.0   703.1416129749953   1810.1067885321966   4.9994983563265505   432.94237093713576   35.026257442939205   1337.138663272455 
  2220.0   703.4979318038442   1810.4799112157011   4.94570080277483   433.32491896844743   35.03798988740492   1337.1713002912113 
  2221.0   703.3183685127663   1810.953871719088   4.948260145856788   433.7452050622766   35.05031949678334   1337.2100862697978 
  2222.0   702.7694611977632   1809.8247249698102   4.859306362178013   432.7537766556845   35.01560667657451   1337.1960331801047 
  2223.0   703.1931536834358   1809.624634046423   4.999638393262504   432.48786841549975   34.98261463791295   1337.1545117239007 
  2224.0   703.4394712864047   1810.772115850868   5.004556101530827   433.5607635131886   35.0157411612869   1337.1910538866782 
  2225.0   703.0850738933827   1811.1890720776844   4.941819294030032   433.96004407899215   35.042505170483615   1337.2447034054571 
  2226.0   702.8970598019926   1811.1871888986557   4.977719930812116   433.89442591853714   35.04208391657844   1337.272957614717 
  2227.0   702.7580235492401   1811.1158761684578   4.991248669345576   433.8031782087187   35.035763033627504   1337.285686250447 
  2228.0   702.1054260478461   1810.8155822427748   4.911402290008959   433.55937370034115   35.037612374155216   1337.3071945562365 
  2229.0   702.3268408521909   1810.799835285713   4.964359686606264   433.4856330193385   35.03266653125415   1337.3171750811455 
  2230.0   702.7128224495117   1811.4926495822308   5.012174974942289   434.05984538198186   35.05525889219928   1337.3653710678896 
  2231.0   702.1738381445123   1811.9565441559785   4.9107536790734505   434.490904073979   35.09527620055453   1337.459610929793 
