 year   CV   CS   DPM   RPM   BIO   HUM
  1851.0   587.657826705931   1739.0834051043512   5.033203820736112   405.1730902578886   33.544042740897815   1295.3330685452856 
  1852.0   588.0786488528993   1739.3852867651174   4.968304614451653   405.46722943103657   33.57167479771776   1295.3780800119625 
  1853.0   588.9249997614222   1739.8381752394282   5.018574888171518   405.8264651148939   33.58314959320397   1295.4099861486793 
  1854.0   590.3073262920119   1740.56882126258   5.0008978001284365   406.46896584024705   33.61814844731876   1295.4808089041235 
  1855.0   591.2369606581868   1740.7289381013031   4.951294645790246   406.59877226681385   33.63625077307748   1295.542620092896 
  1856.0   592.2483638740676   1741.2941207906415   5.035062085580449   406.9998981668377   33.65106046382044   1295.6081003169784 
  1857.0   593.6444749709493   1742.1058853996822   5.00733014352166   407.7017785197992   33.687665418615474   1295.7091111848422 
  1858.0   595.0489339919768   1742.93846122763   5.043083599669934   408.37181861660116   33.714652963346   1295.8089063976151 
  1859.0   595.8199062648055   1742.739661146406   4.900191825204523   408.2174638444972   33.72660009704118   1295.8954065046055 
  1860.0   596.6253532783495   1742.2820267915297   4.9517328438187995   407.7169076147578   33.69334637124187   1295.920041126532 
  1861.0   598.6836881327762   1743.4394898726655   5.076717554656396   408.6335029043877   33.71775382757099   1296.0115152597907 
  1862.0   600.2520281922191   1743.7904569562015   4.977957144126905   408.94848641836114   33.74479840951486   1296.1192148705593 
  1863.0   602.1937801187615   1743.6821504942875   4.979421671636725   408.7761918269699   33.73844737930591   1296.188088941266 
  1864.0   604.3502212500867   1744.3545490656882   5.0532703849647405   409.2883243751521   33.74646305060141   1296.2664906184307 
  1865.0   606.2498007936065   1744.3305684223337   4.887304349421324   409.3242844944182   33.76063880416077   1296.3583404884141 
  1866.0   607.9592569273933   1744.2440763676216   4.9536093590424075   409.1314145185185   33.74557733457492   1296.41347586738 
  1867.0   609.4122493207634   1744.5455856907768   4.99950782130741   409.31011409955306   33.747811440711736   1296.488152454338 
  1868.0   611.0148890817233   1744.6800332549417   5.006229926065372   409.37862845326106   33.743669453578576   1296.5515049452072 
  1869.0   612.8810862505521   1746.0044777943247   5.096647407161106   410.494217589178   33.77047465015986   1296.643137115105 
  1870.0   614.8143161044042   1747.1611188822762   5.027892930650494   411.5434405478288   33.81722847148987   1296.77255788695 
  1871.0   616.3015929692248   1746.4018047042216   4.87613502893107   410.8859216527786   33.8046744829694   1296.8350733926015 
  1872.0   618.672023876964   1747.3518299238021   5.1243916103296145   411.53625919168087   33.798941456082105   1296.8922379876467 
  1873.0   620.4210672299183   1749.0101506394856   5.051008263358042   413.038157936619   33.869956453990824   1297.0510284232357 
  1874.0   621.5942939904596   1749.2407791845717   5.0190857808072575   413.20549566371943   33.87642077699489   1297.1397779978263 
  1875.0   623.2430673886951   1750.153061205479   5.082743488423746   413.92088176564874   33.901590852004894   1297.2478457968778 
  1876.0   625.1171978423909   1751.37831636063   5.066376452786707   414.96437132605865   33.95254061076834   1297.3950273836565 
  1877.0   626.7535819933346   1751.9321379885457   4.976186763483184   415.40977606316335   33.99538339598711   1297.5507924630997 
  1878.0   628.5724939800407   1752.411540491872   5.033651666802513   415.69593067110867   34.007202000049396   1297.6747559402413 
  1879.0   630.2051649091582   1752.9414646661505   4.955423548453898   416.124843409773   34.037807974305   1297.8233900743392 
  1880.0   631.6623202033961   1751.8768494269736   4.891068024224086   415.1014708224139   34.00004864181817   1297.8842621747483 
  1881.0   633.7862961328113   1752.7676215689305   5.1339063353482315   415.6813911120112   33.99310112706539   1297.959221919083 
  1882.0   635.7193308899001   1753.9252716659405   5.026617383370966   416.7308381290436   34.051629392785465   1298.116186684431 
  1883.0   637.373321595011   1754.1310581061437   4.9700409068975935   416.86948678640334   34.064643199932924   1298.2268849626366 
  1884.0   639.1133652732941   1754.631515693821   4.9937987897867675   417.23137178239904   34.07438167625452   1298.3319634602942 
  1885.0   640.0142729739645   1754.5368946028407   4.904151894176966   417.1370235751344   34.07262009288166   1298.4230984799544 
  1886.0   642.066825613193   1754.7838595889307   4.989460714671968   417.23866379064003   34.062568008849325   1298.4931684453618 
  1887.0   644.0781955841691   1755.3983888304165   4.95112409274583   417.7511176270611   34.08941988164873   1298.6067254338511 
  1888.0   645.8577103476953   1755.9009285669056   4.94617266044125   418.14595737251733   34.101629577504795   1298.7071682285775 
  1889.0   647.3356725933003   1756.4324377255957   4.927193780934036   418.5534430855721   34.12587694609196   1298.8259239942145 
  1890.0   649.1032837670263   1756.6099987572745   4.985013795757996   418.5935068353074   34.120136593256625   1298.91134208322 
  1891.0   651.5286444357116   1758.0729327678157   5.035016984221732   419.8223500574012   34.16366991526762   1299.0518951716372 
  1892.0   653.3434078105479   1759.560079320404   5.034119453298612   421.0805107784614   34.22025952068988   1299.2251893390492 
  1893.0   654.6754611081159   1760.1786990417377   4.921262209089268   421.6031637022785   34.25711797322158   1299.397155005279 
  1894.0   655.771233461796   1759.7708344635842   4.87141640459496   421.1435570025105   34.24412721143726   1299.511732437056 
  1895.0   657.4103412818534   1760.3789014986153   4.9915963687004465   421.51469637296526   34.24441176748005   1299.6281956722992 
  1896.0   659.0618207497395   1760.737052097911   4.916670426038897   421.7831671806505   34.26341013500223   1299.773805305862 
  1897.0   660.6749230044571   1761.7037720937585   4.9984808268364525   422.4976112497356   34.284404017499064   1299.923275718815 
  1898.0   662.1163432224266   1762.2571458366356   4.935864716941496   422.911254543089   34.31554860882095   1300.0944764152703 
  1899.0   663.199897497747   1761.6955882765308   4.863850723086639   422.3051099110939   34.30669288681985   1300.2199361625426 
  1900.0   664.5611811128134   1761.2147018510295   4.949977585867958   421.71331006281423   34.26546030890604   1300.2859544930238 
  1901.0   666.8634109643111   1762.2644223845055   5.081665370164705   422.5080910125776   34.27639630307635   1300.3982687431842 
  1902.0   668.9147891705325   1763.972498304216   5.048773444672101   424.00237380717505   34.33894495839328   1300.5824060555242 
  1903.0   670.9911411475755   1765.3292879810938   4.992243210196959   425.16929257211683   34.39394107910731   1300.7738107186674 
  1904.0   672.3149286035454   1766.164746456955   4.9274198794138595   425.847105079282   34.431494322061255   1300.95872621548 
  1905.0   673.0792278803755   1764.8369095256137   4.80013967682588   424.5746198509707   34.396690198235945   1301.0654596610525 
  1906.0   675.3707250462976   1765.5527216426235   5.062680094772136   424.95010723148965   34.37875171634023   1301.1611824902318 
  1907.0   677.8826572478367   1767.6674720929254   5.049912485771803   426.78241224005   34.458327833731275   1301.3768196971819 
  1908.0   679.7202074235505   1769.288679818155   5.02730045307176   428.1097584089135   34.53307148442586   1301.6185484259645 
  1909.0   681.1429341225295   1770.258632970642   4.971249807113726   428.8487001784992   34.58297301568409   1301.8557114554296 
  1910.0   682.9347367146344   1770.3711990667557   4.904422638489608   428.790673057752   34.60303685162535   1302.0730668754181 
  1911.0   684.0016748858023   1769.444903808049   4.828250689354722   427.8095091127725   34.57589001174142   1302.2312539398579 
  1912.0   685.7984402205107   1769.8341181730464   5.031091390856446   427.8899679286402   34.54940888862212   1302.3636502553968 
  1913.0   687.0946162068016   1771.545233517509   5.017811201164107   429.32395002922584   34.60772231830931   1302.5957496178273 
  1914.0   687.9879183254795   1771.9689680332508   4.886364666230312   429.6325956610125   34.63827306991266   1302.811735320296 
  1915.0   689.3809243951733   1772.0604932501103   4.938649437594617   429.5182097710399   34.62812714389883   1302.9755067954345 
  1916.0   691.0174467500519   1772.975239730186   5.019433674033712   430.14737413369676   34.64585283283042   1303.162579426806 
  1917.0   692.616451193752   1774.148216626859   5.018022788678653   431.0449430540256   34.68895338330741   1303.3962968601402 
  1918.0   694.7893694943683   1775.5294898135178   5.019856115461974   432.1047172153524   34.74276563586007   1303.6621521213647 
  1919.0   696.5809348314581   1777.259472004382   5.023220562294059   433.4628737951931   34.811341969298475   1303.962035910996 
  1920.0   697.4550611520843   1776.655430670145   4.792844229006387   432.8115382766856   34.8272414963587   1304.223806370383 
  1921.0   698.9309810024653   1775.7243696797611   4.898267785581336   431.6610467490839   34.775517470653874   1304.3895373681735 
  1922.0   700.1913650034594   1775.6030417835962   4.868909139550542   431.4028923628016   34.75726490553093   1304.5739751396598 
  1923.0   701.7854098689178   1776.354146272256   4.906461038558886   431.9163495738055   34.76079942536462   1304.7705356528022 
  1924.0   703.3611256921554   1777.5044803380417   4.9042116529229425   432.80251971792813   34.79210767818641   1305.0056407521022 
  1925.0   704.629967539259   1777.2057695019455   4.82612467679032   432.402069000672   34.782373780366406   1305.1952014969584 
  1926.0   706.479702243426   1777.807959337545   4.947906692874305   432.6922223284265   34.777887504140715   1305.3899429701992 
  1927.0   707.7984149966   1777.3554087343184   4.8091272597138985   432.17467063699786   34.77733546233762   1305.5942744676372 
  1928.0   710.1485430667855   1777.6083963177218   4.996591452963517   432.10662051357116   34.75291987140853   1305.7522647588937 
  1929.0   712.1231418024846   1779.6405921240153   5.073009339217941   433.74688388115504   34.81379641917328   1306.0069016783825 
  1930.0   713.5720769004364   1781.408014606731   5.004480835835522   435.20499678679874   34.89072022157847   1306.3078167372212 
  1931.0   715.0942670488614   1781.5067610475019   4.883585194448054   435.1433041865951   34.91411402291739   1306.5657576549838 
  1932.0   716.2528817694713   1780.7383280297033   4.777236108194125   434.29389446137884   34.89613598599589   1306.7710610359093 
  1933.0   717.5473681705828   1780.850367142408   4.913967673265301   434.104296649476   34.874839516787716   1306.9572621478176 
  1934.0   718.9816270060517   1781.7101147458807   4.9288891199573595   434.7075229095777   34.89264733593173   1307.1810560593465 
  1935.0   720.8108703183292   1782.5022036726846   4.896305508721158   435.2676142290041   34.91779020895393   1307.4204920498937 
  1936.0   723.0925522801012   1783.0921151757373   4.9298344740481275   435.5763469099032   34.93283521877896   1307.6531006588211 
  1937.0   725.3237416081247   1783.918011007358   4.935710465053986   436.11727705570615   34.95971343510966   1307.9053102162068 
  1938.0   726.9342189020267   1784.153624423227   4.903909475475293   436.1603974484395   34.9617787849637   1308.1275375458931 
  1939.0   728.0574104928622   1783.6900457902002   4.838463844558603   435.60033961065767   34.93863500611316   1308.3126064010319 
  1940.0   730.4485405649655   1784.3528791970937   4.972152438469628   435.9438902782528   34.93574498645666   1308.5010908720424 
  1941.0   732.9391677727407   1785.731728822245   4.956575441520779   437.01967904359503   34.98778353930032   1308.7676905839667 
  1942.0   734.5964376444448   1785.9964469891997   4.860689699723827   437.1097178363572   35.01048022325663   1309.0155593202264 
  1943.0   736.5692835874702   1786.2829599612357   4.973191530405111   437.11125338416616   34.994575617504985   1309.2039401705454 
  1944.0   737.8194988226309   1787.2003789073274   4.950358770974237   437.786575507901   35.02359466363162   1309.439849860351 
  1945.0   738.9940618818821   1788.0630815009076   4.967500430267171   438.36859815002344   35.05003612960733   1309.6769477086507 
  1946.0   739.6420026256956   1789.0717605196576   4.950800276711603   439.10226078924626   35.08422034416102   1309.9344783959332 
  1947.0   740.1943292194817   1789.2466992152235   4.908857454934927   439.07079476570425   35.092982847722055   1310.1740636985023 
  1948.0   741.1919552989241   1789.9087646313667   4.896516112825138   439.47661585317024   35.11315870062759   1310.4224743988714 
  1949.0   742.1710036090635   1790.6884578470058   4.9175376991820245   439.9611445672816   35.132938139386916   1310.6768375235706 
  1950.0   743.516391899607   1790.7207519008548   4.900766898589299   439.7703542781072   35.13572372328052   1310.9139074030168 
  1951.0   744.6084458641574   1790.8985360211925   4.892423202225739   439.74479582582836   35.12890798924119   1311.132407976031 
  1952.0   745.9805697766387   1790.3291412452195   4.83929909238086   439.0736126629084   35.101498935822434   1311.3147314082432 
  1953.0   747.6567674024107   1790.3051794640103   4.812550740943643   438.89853569819564   35.09056561230107   1311.503527166122 
  1954.0   748.8217070954188   1790.7181858731744   4.952624015511482   439.02623679151026   35.070484600375764   1311.6688403731655 
  1955.0   750.1900819993111   1791.8322456577298   4.916746047990394   439.909403565078   35.10687224248878   1311.899222767847 
  1956.0   751.2612247993843   1792.5103219109815   4.912870349931104   440.34238625723685   35.13094593983626   1312.124119876981 
  1957.0   752.1936982888404   1792.8190972103207   4.912068420737225   440.4424404706821   35.13513167999121   1312.329456916904 
  1958.0   753.4445010959635   1794.15607826871   4.936926010035387   441.46777362053734   35.17455401908907   1312.5768245109573 
  1959.0   754.2754946131032   1794.8972429854339   4.881025381421256   441.99855614642587   35.201747967233466   1312.8159130156475 
  1960.0   755.8261300710677   1796.136117838917   4.9545941879022175   442.87435854756023   35.234441486622586   1313.0727235861166 
  1961.0   756.9341094588162   1797.3625343213064   4.952423731833737   443.75813372644353   35.28506045583256   1313.3669165363137 
  1962.0   756.7405673494399   1797.1129204837064   4.8011698919412344   443.39356110423523   35.2942282156454   1313.6239619876512 
  1963.0   757.6203146232083   1796.4931375479682   4.842493715307592   442.5670866193065   35.26194296771402   1313.821613617138 
  1964.0   758.9515514283067   1797.210182776169   4.94067355991304   442.95225255180645   35.269607681098286   1314.0476486716648 
  1965.0   760.0264754139503   1797.42034865228   4.841342561722417   442.98866130550596   35.2894144868687   1314.3009296922842 
  1966.0   761.2800103554442   1797.9596357346334   4.917191147789609   443.2142217189609   35.290954840651736   1314.5372696477932 
  1967.0   763.1167160343911   1799.4603735982935   4.949394835926023   444.3341968196369   35.339792196792594   1314.8369899724523 
  1968.0   764.5652404620155   1800.6217450638987   4.903800787988173   445.1559297857405   35.39343816188217   1315.1685759098914 
  1969.0   766.1179828013583   1800.2472928292816   4.828898251394744   444.56866059004767   35.396600197502465   1315.4531337214958 
  1970.0   767.8237157350444   1800.1451726726273   4.917499843933443   444.14943691837243   35.37710156344636   1315.7011347899913 
  1971.0   769.1531401545983   1801.3433864179624   4.9614979595966675   444.9765843076361   35.407660744853196   1315.9976432323986 
  1972.0   769.530734378122   1801.5561758545232   4.856410898868902   444.993393112831   35.4205253354058   1316.2858467263372 
  1973.0   769.9282743080605   1801.2751107126696   4.85467250238678   444.4963928476138   35.39746720340743   1316.5265778331375 
  1974.0   771.1336681127851   1801.5882016890619   4.890583332299574   444.53452936832707   35.38879906519605   1316.7742905907762 
  1975.0   772.5618674725868   1801.9051548240739   4.873552161063858   444.60138118512674   35.39560290421534   1317.0346190900223 
  1976.0   773.7793605395209   1801.708845300627   4.884246499148431   444.2066427493647   35.369123021457106   1317.2488340216407 
  1977.0   774.3738664821815   1802.5809742011893   4.896249330460948   444.8234454267579   35.37740563715374   1317.483873277441 
  1978.0   774.8241158830754   1803.0626980590023   4.919571272499804   445.066262737366   35.373559943053166   1317.7033034719207 
  1979.0   775.9805511588638   1803.726048752566   4.86110809765052   445.4953091632394   35.40091652458667   1317.9687153466728 
  1980.0   776.9231604635353   1802.3111320653406   4.772979706270435   444.0420739460273   35.35459002565029   1318.1414875861733 
  1981.0   778.5490554409265   1802.2039544296629   4.905926080484187   443.68622987801194   35.31854335858559   1318.2932543476218 
  1982.0   780.4216186376015   1804.4125089755653   5.005126475308218   445.45897714764635   35.38079142195989   1318.567614871255 
  1983.0   780.9254135296809   1805.9748624323015   4.843966725472242   446.7940747268524   35.454437928110806   1318.882381970664 
  1984.0   781.6476475810227   1804.2428217688364   4.721590851928687   445.0458545074386   35.40699647187252   1319.068378527449 
  1985.0   783.5236602934915   1803.9764256773144   4.8886419389630555   444.4947497744247   35.3633331212048   1319.229701897554 
  1986.0   784.9686295268503   1803.7203234749443   4.808133075377359   444.14391346646187   35.35142749293228   1319.4168496941315 
  1987.0   786.7884688323526   1803.9133013212092   4.8708708447889   444.1170112306867   35.338326643975414   1319.5870928410773 
  1988.0   788.441069253284   1805.3522176691142   4.9938451047829355   445.18955578504426   35.36516801764718   1319.8036502584564 
  1989.0   789.0531986288615   1807.383998180043   4.927606616058886   446.8966435075541   35.447609998602054   1320.1121375548023 
  1990.0   789.0532217378599   1806.6991611221426   4.758296570929087   446.14611790770067   35.44898951558364   1320.3457581516811 
  1991.0   790.59867628469   1806.6957368257965   4.9616608410217236   445.8181619299733   35.41188984100927   1320.5040239416055 
  1992.0   792.0320538033784   1808.170508903085   4.945198734892048   447.0011700093633   35.45974568778108   1320.76439331831 
  1993.0   792.5298383239569   1808.1180504689457   4.834100223722506   446.8261447798995   35.46953650971447   1320.9882680598384 
  1994.0   793.6803955161297   1808.2844831444563   4.898311137589739   446.74465121529084   35.45860536023908   1321.1829153909252 
  1995.0   794.7680045732835   1809.2107450692283   4.867456696633052   447.4294944832965   35.48787192481131   1321.4259215942895 
  1996.0   796.4805984930676   1808.7355286273375   4.7995357011707815   446.8255088801273   35.47999835551306   1321.6304851020484 
  1997.0   797.9424195084297   1808.467798109692   4.847828307728914   446.36434907069105   35.45580946383917   1321.7998120087802 
  1998.0   798.5006047773757   1808.4596931820763   4.8485701482914845   446.2085850556549   35.438913032201626   1321.9636242699162 
  1999.0   798.4638964399977   1808.726763008916   4.825870171187523   446.3495900447112   35.43140940664383   1322.1198937951567 
  2000.0   799.0883867950373   1809.4225762708916   4.902316945282503   446.8085755057028   35.43319203973477   1322.2784921767625 
  2001.0   800.4019420946603   1810.0577640054487   4.861880941820925   447.2685075829336   35.457604397761116   1322.4697712970537 
  2002.0   801.5840322454035   1810.0687362905708   4.892578277565832   447.086435954491   35.45535597895364   1322.6343656623656 
  2003.0   802.919713689364   1811.1254305574607   4.922370921172985   447.88345271581636   35.48442322621284   1322.835183107897 
  2004.0   803.3381146371192   1812.0505833580469   4.845331179613175   448.59547925268737   35.53167220572018   1323.0781018984987 
  2005.0   803.7422859232745   1811.9693144634057   4.80340643445983   448.3514487830451   35.53198068466085   1323.2824792152633 
  2006.0   804.1803448843307   1811.5617534445041   4.84738093582609   447.7640329656728   35.50786259093454   1323.4424757536092 
  2007.0   805.6852469133634   1811.6695148030865   4.917156588674398   447.6681445954178   35.49461790992471   1323.58959416326 
  2008.0   807.434887126017   1812.6138457931684   4.915294417069935   448.3573276310758   35.52261305951933   1323.8186104129943 
  2009.0   808.8161009314434   1813.6016150154858   4.925676972298798   449.0806030645311   35.553957224973026   1324.041378549389 
  2010.0   809.9390865537748   1814.2028568073183   4.842879730321174   449.49575360311854   35.58413235507489   1324.2800905177307 
  2011.0   810.8799348970654   1814.7166565285709   4.918905271153115   449.7285256623778   35.586670110652314   1324.4825553389135 
  2012.0   811.7962760272386   1815.5958741414788   4.953427312143208   450.3143799258093   35.613691475528455   1324.7143760622687 
  2013.0   812.8103004496509   1815.8434307634589   4.8819484586734365   450.3974041326221   35.62670801311561   1324.9373704349782 
  2014.0   814.0532095355748   1816.6736061804525   4.930434255049652   450.922021326722   35.6464693811166   1325.1746811066382 
  2015.0   815.4419637795494   1817.1776740231242   4.871687072357512   451.1902280106913   35.67931895518413   1325.4364408795825 
  2016.0   816.4450182051831   1818.0923937872737   4.926958996564866   451.78075062215044   35.699592947546165   1325.6850912173113 
  2017.0   817.1819249041722   1818.2703861557175   4.85413251149788   451.76873888388224   35.71238961285351   1325.9351244473044 
  2018.0   818.3303956472622   1818.5316460494075   4.915523966321319   451.7537158290099   35.70735176700197   1326.155054602652 
  2019.0   819.6801804567054   1819.0178808915825   4.879616439455819   452.01399900590405   35.72299433404137   1326.4012710098714 
  2020.0   820.5527200148872   1819.6654664322425   4.905282742970209   452.3723557255168   35.737632198083084   1326.6501971954613 
  2021.0   821.7499295675452   1820.9831300843487   4.898248261581758   453.3504927568029   35.78611660105456   1326.9482731730127 
  2022.0   822.4368193138854   1821.0521349126686   4.820033875827953   453.2178688837362   35.798380594018106   1327.2158537919129 
  2023.0   823.6191855667514   1821.233135192753   4.867176073893002   453.10856758531247   35.795115878815416   1327.462274316876 
  2024.0   824.5331422026175   1821.5734127481924   4.913584820989833   453.16069635225267   35.7935926308146   1327.7055396966964 
  2025.0   825.839584695363   1822.087226936382   4.846711502703376   453.43402292258185   35.81738128651177   1327.9891105675065 
  2026.0   826.6176020988316   1821.2980241889986   4.7521266018879675   452.53048851479093   35.793930468295535   1328.2214786903935 
  2027.0   828.4795448705498   1822.0350686585357   4.955264790321709   452.84392597203106   35.78380162559521   1328.4520763663338 
  2028.0   830.0856610316761   1824.1113359078777   4.98554349864631   454.48969964865256   35.85448394960213   1328.7816086368352 
  2029.0   830.5018700094294   1824.188262897871   4.808677040213317   454.4202353092906   35.878009687170795   1329.0813412836699 
  2030.0   831.9061159581935   1824.2792290818172   4.923865387779037   454.17939646566   35.858347821394965   1329.3176199920879 
  2031.0   833.3956403734713   1825.0936708377249   4.930939442063639   454.67565613731176   35.88570058399091   1329.6013741785473 
  2032.0   833.6602720435458   1822.8557429551538   4.661383770762832   452.5957285166877   35.82675937979955   1329.7718706402432 
  2033.0   834.9354888766952   1821.6411708400772   4.872157719222094   451.25815683110187   35.714774927122534   1329.7960830487757 
  2034.0   836.5405081788869   1823.093495732792   4.874065235519431   452.5063728498826   35.744744436902224   1329.9683131529803 
  2035.0   838.1865003357117   1822.9563463848654   4.7939131937316555   452.2902323138889   35.74444009330316   1330.127761342921 
  2036.0   838.7615994393653   1823.8607835051   4.934305402515728   452.91437553430774   35.74362149779006   1330.268480014122 
  2037.0   839.4359195908831   1824.0526899882184   4.812754977227778   453.0126956008693   35.76647127794924   1330.4607678535533 
  2038.0   840.2180886243683   1825.505612695806   4.974986429611672   454.0714841566063   35.79376699068405   1330.6653738294522 
  2039.0   840.8789783980709   1827.0081068484274   4.897368373429985   455.2989121195261   35.86585731068472   1330.9459695203068 
  2040.0   841.5515474889228   1826.9492343360287   4.8502370720318515   455.04285366476904   35.8764072221107   1331.1797371456225 
  2041.0   842.5788079000811   1828.2580802622158   4.93620056255136   455.9570571217198   35.91368689773576   1331.4511366126135 
  2042.0   843.1428158618065   1829.0303080811484   4.8562625866615035   456.452683879754   35.95916009848382   1331.7622017972926 
  2043.0   844.2169245965425   1829.0768396843262   4.9138899480871725   456.189586786808   35.95334580352811   1332.0200170228684 
  2044.0   845.4034909935925   1830.32808414492   4.909787203794943   457.0821160461511   35.99841534931102   1332.3377651984829 
  2045.0   846.3284195248388   1830.9749060050797   4.888721002838013   457.4317283354023   36.01800853389852   1332.6364492363248 
  2046.0   847.471710738005   1831.9311443917072   4.908402274842986   458.0000146302665   36.05157481547862   1332.9711530279728 
  2047.0   848.4193841267783   1832.7277109472986   4.86006290455679   458.4540846218141   36.08650076235908   1333.3270607949073 
  2048.0   848.814286549037   1832.0497032787216   4.800675216266778   457.5690353127559   36.06699592668474   1333.6129970163115 
  2049.0   848.9921988141259   1831.8231205756542   4.930708521217164   457.0509907389986   36.02064337353417   1333.8207790529948 
  2050.0   849.3109264746489   1832.4018344521317   4.889769279227922   457.4048345740646   36.027699653921474   1334.0795307531732 
  2051.0   850.1967771935196   1832.9285734072123   4.853458880625994   457.69328020623817   36.03929397457697   1334.3425397159547 
  2052.0   850.3837708365974   1832.6279568051816   4.812416798723932   457.21000512037045   36.025824590431576   1334.5797096874924 
  2053.0   850.6143884375882   1832.7986755122351   4.847901473356077   457.12256084011443   36.01501808030341   1334.8131946402805 
  2054.0   851.0103930977979   1831.934582803554   4.779223512269437   456.15424426118534   35.98489178903243   1335.016223776913 
  2055.0   851.768535617117   1831.4226115292167   4.814164573799113   455.47322703765167   35.94638973104973   1335.1888303304852 
  2056.0   851.6778859778306   1829.6705319896212   4.6660419993716085   453.8293543411884   35.87949158408004   1335.2956415223655 
  2057.0   853.1784456664175   1830.007129099772   4.962998490677573   453.8483939011536   35.82305673747411   1335.372681218271 
  2058.0   854.7775955891336   1830.021538664247   4.782730508533488   453.85222534623153   35.84401469910473   1335.5425685257126 
  2059.0   855.4180509308613   1829.3661122879003   4.804371465014267   453.1274607192283   35.801460017408694   1335.6328199995976 
  2060.0   856.3658275927418   1830.0750078465267   4.863295311806837   453.6671219731518   35.796251078052045   1335.7483392448562 
  2061.0   857.3772705444751   1829.8072657437058   4.817667209297119   453.37866394110057   35.776415525513016   1335.8345190535051 
  2062.0   858.578120692262   1829.4434583969462   4.790966119037599   453.0185082954971   35.74884287083434   1335.8851408144044 
  2063.0   859.6875761522444   1828.3693422222887   4.754514607903124   452.032250983696   35.69601746189828   1335.886558928761 
  2064.0   861.357224764602   1829.5199801492445   4.926669717576902   452.95575291348837   35.69837094963479   1335.9391876937432 
  2065.0   862.0203631386262   1830.837768868641   4.807576979278673   454.16776228584206   35.7657991239617   1336.0966312278892 
  2066.0   861.7175396599342   1829.0216739582936   4.621033343700782   452.5187329004477   35.72863869763696   1336.1532688724594 
  2067.0   861.8044288568605   1827.7710530580775   4.777117052535041   451.24104425716524   35.64307452771711   1336.109818594627 
  2068.0   863.0598927127545   1829.6686382172006   4.945377366220522   452.86556936148787   35.67292454007874   1336.184767792478 
  2069.0   863.9202887064226   1830.6823798556375   4.793826548933928   453.8282416891148   35.73435892963595   1336.3259512044322 
  2070.0   864.5363138112681   1830.3206425922474   4.710312734542775   453.46115805135184   35.73403069434431   1336.415141158896 
  2071.0   865.1421661102491   1830.036796088966   4.742753070584895   453.08871121936664   35.71769478994657   1336.4876377576147 
  2072.0   865.9360829470937   1829.3134979425524   4.732579322337343   452.34855815127776   35.68780239159665   1336.5445573180311 
  2073.0   866.5185725000171   1828.788742533693   4.699525015671599   451.8405336873614   35.661626373939086   1336.5870577346225 
  2074.0   868.0101079992766   1828.4517880278024   4.816089547365408   451.43552260255757   35.62030044581523   1336.5798759441823 
  2075.0   868.8746911423717   1829.4094241940209   4.805587244022513   452.2994165712106   35.64678185487557   1336.6576385746505 
  2076.0   869.383523876091   1829.063094779603   4.75653935670185   451.9744490270822   35.63518988746957   1336.6969173088241 
  2077.0   870.8219468137336   1829.174311803757   4.779796715844011   452.02991953932974   35.631632647655834   1336.7329627550216 
  2078.0   871.2388624005079   1828.40128112198   4.744511351612071   451.32463925035165   35.599155084897156   1336.7329745460154 
  2079.0   872.5674293747999   1828.6175203506912   4.801349382887367   451.49210178755624   35.587198424651405   1336.7368703170253 
  2080.0   874.3054990741055   1829.226927357657   4.780848270351062   452.013451990859   35.61918106002706   1336.813446364879 
  2081.0   874.538410230711   1826.6020749693148   4.588898377522665   449.6917929949463   35.55136775137182   1336.7700153710118 
  2082.0   876.2913301528564   1826.6042632415495   4.881109808942791   449.5610093248526   35.48986963809315   1336.6722742166726 
  2083.0   877.4599190598445   1827.778845339944   4.779328485094418   450.7294916822169   35.54094515221724   1336.7290805164373 
  2084.0   877.3551833096018   1825.892874198401   4.622608558383041   449.1039483973556   35.49040340487266   1336.6759134912807 
  2085.0   878.1766461667596   1824.971228188885   4.777819463641914   448.228163898088   35.418036013089164   1336.5472087965875 
  2086.0   878.5839182529007   1825.4720964515575   4.771952671987538   448.7905852800131   35.41833200675166   1336.4912264062134 
  2087.0   879.0161287980781   1824.7607381109276   4.650962149184352   448.32050025051285   35.39406356467461   1336.3952119680405 
  2088.0   880.083858695656   1824.014094204066   4.726935775606092   447.68467446951547   35.34613930182694   1336.2563454545048 
  2089.0   880.7872347804348   1824.588707363166   4.744293067970541   448.3160123791915   35.35337229709563   1336.1750280845897 
  2090.0   881.4065842848291   1824.9320181563705   4.725003115318704   448.71506948125256   35.368410742747635   1336.1235342169607 
  2091.0   882.2660572411017   1825.397893638801   4.828881600383299   449.1397240870118   35.370625199313835   1336.0586627829941 
  2092.0   883.8206452671342   1826.679440383619   4.820220828252124   450.3472898313453   35.429203129040864   1336.0827267400432 
  2093.0   884.3145247651506   1825.5849841257227   4.660629477560606   449.45734597095844   35.42258846207375   1336.0444209484115 
  2094.0   885.2901837741671   1825.0152930168554   4.7892363272839935   448.9233614966373   35.37690814367719   1335.9257858843678 
  2095.0   886.7416512039025   1826.0629621865983   4.828253104997292   449.95264049906655   35.405610285300575   1335.8764600450745 
  2096.0   887.9770596872007   1827.5342829324877   4.816578826361195   451.34334595386747   35.467759793874436   1335.906597078115 
  2097.0   888.8601080031422   1827.2085574452954   4.687714374025954   451.10407512286514   35.487496865544465   1335.9292704352779 
  2098.0   890.3433979796216   1826.9359477981086   4.785340183632798   450.7550141591141   35.47540122696336   1335.9201914078492 
  2099.0   891.9815197297041   1826.7809165729343   4.750001885363929   450.5930084111155   35.48319013955803   1335.9547150327771 
  2100.0   893.651389346316   1827.4567861873895   4.79996773789547   451.15881061163975   35.50058435681708   1335.9974240313313 
  2101.0   894.6631151203941   1825.7492533235056   4.643806915965601   449.71791192683327   35.45048740314163   1335.9370470835554 
  2102.0   895.9799174672153   1825.6439117411244   4.749596128036617   449.6016654194235   35.41625948940229   1335.8763894007116 
  2103.0   896.9655420171231   1825.5588302461595   4.738279179992443   449.5529664734687   35.41292754843891   1335.8546568754293 
  2104.0   898.1659266266576   1825.3630037002836   4.76012772152303   449.3977039375091   35.39803300878611   1335.8071388054157 
  2105.0   899.0263590470743   1825.9836750886718   4.778471995658549   450.0152840929906   35.40675155963826   1335.7831670463966 
  2106.0   900.2467568765629   1827.2125676961377   4.820632243390926   451.1497967347877   35.44179600495081   1335.8003428196157 
  2107.0   901.4299611874188   1828.58790922916   4.8234117981966795   452.39852656393043   35.49616941014599   1335.8698010739984 
  2108.0   902.6667835974175   1828.7783170109915   4.694250725975178   452.58362776018214   35.53892726030474   1335.9615117810554 
  2109.0   903.5256989126577   1827.262054999416   4.609009996568   451.2020346162306   35.499089479928564   1335.9519199468436 
  2110.0   903.802453423548   1824.3525336694115   4.594522826432992   448.563706254957   35.38303414265729   1335.811269475613 
  2111.0   905.0670984096372   1824.749300950861   4.818655029002131   448.8795003916121   35.34174143349888   1335.7094039272667 
  2112.0   905.6897590470036   1826.2115331028106   4.776600598043765   450.3211446667098   35.388848353466564   1335.7249411700761 
  2113.0   905.9602289514739   1826.4292379611306   4.679441709598599   450.62131451477376   35.404958618406944   1335.723523112222 
  2114.0   905.7715757794326   1825.010919277779   4.5764542955465535   449.44973040571233   35.35696487899285   1335.6277698225597 
  2115.0   906.7834498952843   1823.073463411809   4.604901886510857   447.78283070828735   35.26447248854303   1335.4212578359093 
  2116.0   907.9849579096588   1823.7948132061586   4.776344981960782   448.444240797557   35.26310902309756   1335.3111169133485 
  2117.0   908.3638282966041   1824.2902798713494   4.707968672088125   449.024579198172   35.29461631087215   1335.2631148318976 
  2118.0   909.0138836948066   1824.3325916528606   4.753281898993915   449.1167851866962   35.28969740642141   1335.1728273207061 
  2119.0   909.6858878854284   1825.113055896611   4.720563827357212   449.90364489767643   35.32934255241736   1335.159505529786 
  2120.0   910.9062351907146   1826.0980145788337   4.765429695574689   450.8237902042199   35.36320314692588   1335.1455913795191 
  2121.0   911.939449536224   1826.253580864686   4.68768632489336   451.0120854591678   35.394338447178875   1335.1594707538702 
  2122.0   912.9908118066119   1826.7319343292527   4.800172585284133   451.3790060897637   35.40162859566513   1335.151128496219 
  2123.0   914.2186394799448   1826.8669109516024   4.700165271251988   451.56016134863887   35.42805407285648   1335.1785299360945 
  2124.0   915.1481199182714   1826.3253566538276   4.64866887484773   451.0962095118574   35.414487331063874   1335.165990798979 
  2125.0   915.5907943517383   1823.5994994234502   4.4966033861759716   448.757543348836   35.32083095105923   1335.024521092921 
  2126.0   917.6591153012649   1823.336255077574   4.752565102641842   448.497135419431   35.24886643009447   1334.8376868325863 
  2127.0   919.6518829703853   1825.5278512149036   4.795371595782257   450.55044673383435   35.32693723796356   1334.8550967505387 
  2128.0   920.2002378480615   1825.4679147264494   4.693145436664144   450.5671267757101   35.354628426932365   1334.8530143505302 
  2129.0   921.2505464261288   1825.9223041296204   4.717917684092878   450.99602047802955   35.36808167174996   1334.8402841364054 
  2130.0   921.884802712354   1825.6548468596054   4.682092005143233   450.77187005697107   35.369748887535565   1334.8311372313199 
  2131.0   923.0585739491576   1826.6140393286778   4.819630777743566   451.55759370434805   35.388944545921596   1334.847868364666 
  2132.0   923.687378031241   1826.5089837624894   4.618552741733111   451.5631635394747   35.42290511093353   1334.9043633020988 
  2133.0   924.1717792628217   1824.0191725846637   4.6012530592585374   449.33482375366236   35.32068243851408   1334.7624116039885 
  2134.0   924.8313644548415   1822.6994460229466   4.628787600719619   448.24300384016925   35.2397159898406   1334.5879394728233 
  2135.0   925.7683100965138   1822.9386534199984   4.692635157720101   448.57590415356816   35.21776424911739   1334.452349440535 
  2136.0   926.7297010250054   1823.6868125921194   4.721334594408694   449.34080633225557   35.239356762896904   1334.3853154740873 
  2137.0   927.7031706482998   1823.1970794103336   4.638968385663385   449.06067711022484   35.226178628439996   1334.2712553062386 
  2138.0   929.162081680521   1823.3317960667223   4.705018399021085   449.2639402725532   35.21622979581984   1334.1466064822878 
  2139.0   930.1095688860993   1823.824639635968   4.666384694730251   449.8332181115008   35.24220225413651   1334.0828359843736 
  2140.0   930.2492994935237   1822.8767042836932   4.59658607741828   449.09855367468094   35.217307964693006   1333.9642564413728 
  2141.0   931.1858816219171   1822.84746199062   4.725724444963104   449.1000953976429   35.19462882512173   1333.8270124604737 
  2142.0   931.8135164949705   1823.1523646652604   4.647926924670459   449.5320527521911   35.21747732890258   1333.754906772534 
  2143.0   932.7441722143546   1821.8530758585773   4.618305978531737   448.4724116662482   35.17386540876677   1333.588490964125 
  2144.0   934.2205708921776   1821.9878355094042   4.7081707679505325   448.68536027578574   35.16259369103916   1333.431710839112 
  2145.0   935.0235977155648   1822.9930154493823   4.70036983749583   449.7354711438763   35.1989593011511   1333.358213933288 
  2146.0   935.5706334313779   1822.2701770598103   4.563686241421767   449.22138398905514   35.20305462525388   1333.2820535633741 
  2147.0   936.1983542839795   1821.3528526971263   4.655226944633662   448.42775010074973   35.15434316793313   1333.1155319510508 
  2148.0   937.4989251343517   1821.841343967659   4.669966689744034   448.96722180050614   35.17335236165193   1333.0308015557787 
  2149.0   938.3368799803847   1822.5454428398386   4.684209169697299   449.6651617620419   35.20410575343988   1332.9919653452212 
  2150.0   937.6407562575937   1818.376377778005   4.64076589102862   446.0766569656304   35.040818373922754   1332.6181364269678 
  2151.0   938.7630065656479   1818.8846655148932   4.6865098577358575   446.73712726789586   35.037057945096144   1332.4239699940238 
  2152.0   939.6101014703149   1817.513135980603   4.491657242426837   445.79303074835013   35.01230751428839   1332.2161417675904 
  2153.0   940.3511762430978   1817.1673705013925   4.668763017262392   445.6098065731132   34.957423306645794   1331.9313781593053 
  2154.0   941.5392243583373   1819.0917307105763   4.728554233968353   447.4957656200843   35.02820364010352   1331.8392056213593 
  2155.0   942.1164785714159   1817.6946403699417   4.5728544417146795   446.45590258311864   35.0117835024248   1331.6540990737153 
  2156.0   943.1774645255902   1818.6461661250876   4.7745358054558995   447.40523321956954   35.0108037288792   1331.4555929561477 
  2157.0   944.497919635082   1819.92359173715   4.706199981824676   448.77919411591347   35.07719725880098   1331.3610011868273 
  2158.0   945.3793366687123   1819.741660628558   4.632977309776755   448.79158054096735   35.09123465358186   1331.2258679052395 
  2159.0   947.2022889896148   1821.0785303272605   4.817678042911486   450.02875360797117   35.12531459477074   1331.106783816204 
  2160.0   948.785173424195   1822.7866364552508   4.69732461192778   451.7291119027262   35.22898821220474   1331.1312115882445 
  2161.0   949.6390221096555   1821.6406546762319   4.5540890982717785   450.78339849430347   35.229258894881525   1331.0739076177115 
  2162.0   950.5332926602998   1819.7158418236747   4.550191475927499   449.10639552686854   35.157217802866015   1330.9020364326268 
  2163.0   950.9313893750922   1819.1430753612035   4.618922774813047   448.6914764032267   35.10850919525939   1330.7241675360742 
  2164.0   952.1641101310354   1818.6068912971207   4.6473052321728865   448.33571734643857   35.08366366219402   1330.5402055571724 
  2165.0   953.3879753348356   1819.345640930924   4.7037306223808475   449.1379931636369   35.10319007158447   1330.4007276096781 
  2166.0   953.2228808245761   1818.1774633209543   4.519947302241207   448.32216246812504   35.08887440205269   1330.2464786709086 
  2167.0   954.3459941196533   1817.8106249140562   4.663259712727939   448.0865921621926   35.04477177925525   1330.0160017045241 
  2168.0   955.5203378335434   1819.6476940979358   4.7044064420859835   449.87257216595225   35.11047056177765   1329.960245982139 
  2169.0   956.1065857274178   1820.8150343953148   4.709214086427112   451.0073200605153   35.1625036566986   1329.9359959682301 
  2170.0   956.6704244648395   1820.6016588480143   4.6108342548177434   450.88477377768066   35.18877360868771   1329.9172772831234 
  2171.0   957.1147818676925   1819.17429863243   4.5424422907577995   449.67658078326656   35.14871502649489   1329.806559320765 
  2172.0   958.2047416014159   1817.1277541550028   4.613654426691104   447.9735789320708   35.042929358522485   1329.497591494195 
  2173.0   958.7764255918308   1816.9544114350913   4.579201256691083   448.00321770900456   35.03247551686651   1329.3395171215452 
  2174.0   959.6383602581242   1817.6303392733048   4.618471708207144   448.7032643575582   35.057084282398506   1329.251519374982 
  2175.0   959.6385447788086   1815.1581400572554   4.454778921190034   446.65552479643213   34.99406309592976   1329.0537727175627 
  2176.0   961.3677280777089   1814.7906329760724   4.669071606320048   446.3788035950781   34.935924753975385   1328.806833170414 
  2177.0   963.1609112763516   1817.065373895819   4.707502411469663   448.5464387595001   35.02916612379105   1328.7822657686852 
  2178.0   963.1376717431625   1815.7787720211102   4.462684700839602   447.58709445704585   35.030181444401116   1328.6988110796883 
  2179.0   963.1643922744931   1813.2916114251477   4.487933432670341   445.4345632104744   34.92162499708704   1328.4474908056848 
  2180.0   963.693726969531   1812.8343595443869   4.561874943287128   445.16951119765133   34.87669134346929   1328.2262824992897 
  2181.0   964.6828404038769   1812.3436593013437   4.548459338089121   444.94465321738176   34.846411413714414   1328.0041363705277 
  2182.0   965.1670445859909   1810.6678745845902   4.517296550169416   443.6600152932921   34.77944479313437   1327.7111184913679 
  2183.0   966.8201653768277   1810.2398761693362   4.61165115837894   443.5087419741039   34.73508003829979   1327.3844016371245 
  2184.0   968.3894098835569   1810.6464526933337   4.591432894648345   444.1597088730314   34.751899231051105   1327.1434123198685 
  2185.0   968.9509972650734   1809.2731794336173   4.494376558387575   443.233199632027   34.71299480732384   1326.8326075569444 
  2186.0   969.6678816124899   1808.120895102642   4.618201008828183   442.4188743684145   34.642802757140224   1326.441017052238 
  2187.0   970.9118269246027   1808.4232178021998   4.574063317186065   443.03912325291697   34.65657610691649   1326.153455877049 
  2188.0   971.3171804426071   1807.5625213755316   4.505139348518123   442.57536895552187   34.64116582598786   1325.8408483174442 
  2189.0   971.6866632474851   1807.1343423440883   4.569526017669469   442.4805737523513   34.605016215757196   1325.4792261788393 
  2190.0   972.6575029214379   1808.1894291399135   4.603093771660213   443.7272838916334   34.64110647285628   1325.2179468000074 
  2191.0   972.912149469369   1807.2401006532143   4.505476174803529   443.1776946116924   34.6325343658889   1324.9243963235701 
  2192.0   973.2724390436488   1806.2805935623978   4.522350360468758   442.5934838441323   34.59268622375355   1324.5720733493345 
  2193.0   973.9349220168165   1807.281825082053   4.6266085748569346   443.7437367875034   34.61211330159159   1324.2993648006052 
  2194.0   974.9964265160687   1806.4129895918725   4.479566403173614   443.2891774856225   34.61785599663557   1324.0263906442342 
  2195.0   976.3129410829962   1807.301225233447   4.704247705049122   444.2123044181756   34.627469478746754   1323.7572043005289 
  2196.0   977.4757750372751   1807.911615082095   4.549930371231517   445.02325278509164   34.70470408859798   1323.633728105357 
  2197.0   978.5721673980509   1808.1140025217605   4.599172255087016   445.34275407348593   34.72142013388343   1323.450656196776 
  2198.0   978.7912588195459   1807.0542368367755   4.514983003629412   444.5922545523246   34.70508016571676   1323.2419192285286 
  2199.0   980.3516497380152   1806.7656804625879   4.612529483958523   444.4819638319902   34.680106974550554   1322.9910808467741 
  2200.0   980.6130612531832   1806.671399162046   4.568933688621695   444.61382674523844   34.68852931405234   1322.800108971053 
  2201.0   982.0116047235936   1806.974153436613   4.590814743620051   445.1089969022063   34.69538655736752   1322.5789567333823 
  2202.0   983.1720303813952   1806.2723178889128   4.505973761820749   444.7440093518009   34.681337561549114   1322.3409980123597 
  2203.0   982.9086323910162   1806.0696551688904   4.436683117510256   444.78996839876027   34.68974791105932   1322.1532559918262 
  2204.0   983.1583110856297   1805.971477853514   4.583387457014213   444.81369797542055   34.66473424253646   1321.9096571943644 
  2205.0   982.8830984149498   1803.517123508756   4.35285606554304   442.9380264259595   34.60910305132459   1321.6171379932416 
  2206.0   984.187279201936   1802.355776348812   4.53533164241113   442.09098655579885   34.52114830870386   1321.208310962151 
  2207.0   986.1164990153908   1802.3012341685794   4.536439637359722   442.3372997985027   34.522955333845196   1320.9045393632318 
  2208.0   987.6661269066867   1801.0232957096864   4.504563579824484   441.50323300269577   34.487348908241984   1320.5281514591861 
  2209.0   989.1193504698582   1801.2445860937103   4.6021129521351   441.98576668651395   34.47829076576487   1320.1784152001997 
  2210.0   989.2483359266816   1801.5370000073451   4.4660643755713085   442.6151748252275   34.51872528936366   1319.9370347387007 
  2211.0   989.9164533128298   1801.0381485388023   4.5355843751178595   442.38477249219113   34.495792332117496   1319.6219995276838 
  2212.0   990.7492378581715   1799.692286052863   4.421470666035952   441.50141155335956   34.46822767912783   1319.3011761962648 
  2213.0   991.5793059557677   1798.6119802772857   4.490642603723899   440.81593361684503   34.408529915968224   1318.8968745816567 
  2214.0   992.5741121947813   1798.3061750801073   4.495860965899174   440.8618022867953   34.398557930814974   1318.5499543790554 
  2215.0   993.7135190596869   1798.3861238897364   4.533731806415608   441.2179498772276   34.403326528152206   1318.231115879329 
  2216.0   994.6549728533422   1799.241792413365   4.504870929030639   442.2889142393537   34.44680161726215   1318.0012054194765 
  2217.0   995.1151533529332   1798.2777639731746   4.519849455905797   441.6404511031832   34.421040659689716   1317.6964212920043 
  2218.0   995.5747142590681   1797.8141349436814   4.458974643528493   441.5247801555934   34.422792050298604   1317.4075883761554 
  2219.0   995.830804061751   1796.2495386325804   4.442785250902714   440.4382013147855   34.35895728024345   1317.0095949579907 
  2220.0   997.0187078726524   1796.2926665485347   4.506557399328892   440.7998323110839   34.345452914948794   1316.6408229567985 
  2221.0   997.677932173684   1796.380437644829   4.507453105480489   441.18658284476214   34.353040746085185   1316.3333622892133 
  2222.0   998.006122267423   1795.8540337003813   4.515521823033607   441.0170777344709   34.336364079018374   1315.9850703241464 
  2223.0   998.2139678629524   1794.8228134470564   4.446657328873227   440.43536193993924   34.313393964689915   1315.6274018031395 
  2224.0   999.5718042475793   1794.2910663180908   4.521504954587703   440.2553562394856   34.28146264028211   1315.23273991758 
  2225.0   1002.045688719114   1795.6077253654478   4.58190505229833   441.7099778722492   34.33780526331723   1314.978037419583 
  2226.0   1003.6928289835515   1796.4998045370687   4.5025083672341575   442.7489921399916   34.418750414667805   1314.8295514110155 
  2227.0   1004.1887196232467   1794.3596645536597   4.385906146927977   441.0393495388766   34.37876324508464   1314.5556455085284 
  2228.0   1006.0498530136475   1793.7229910178814   4.554136349291641   440.5995960232302   34.33599483760734   1314.2332627705987 
  2229.0   1006.6162162586766   1794.2159491110672   4.475048840134556   441.34396344977665   34.36461561710989   1314.0323219120357 
  2230.0   1007.5264833129459   1795.169091293863   4.558899264660646   442.3770447139432   34.393532700512736   1313.839615343653 
  2231.0   1007.100773008608   1794.0711295634685   4.442705418315533   441.6644815894653   34.37347732384135   1313.5904663405972 
  2232.0   1007.0715055930056   1792.8617342690525   4.4175721751995525   440.8519668114204   34.32076469520553   1313.271432146894 
  2233.0   1007.5068634202889   1792.0013635251264   4.4518086661550305   440.35408881222986   34.27551773949177   1312.9199486156492 
  2234.0   1008.4664663389715   1791.1864295317598   4.448766560967216   439.9270968774773   34.24676274931715   1312.5638027399834 
  2235.0   1008.7947014994452   1789.5052656193243   4.3993587510094   438.76160116001813   34.18722397473383   1312.157080959563 
  2236.0   1009.8700481416735   1789.1494707607562   4.44198694736743   438.79136326788944   34.161058433849526   1311.7550620919933 
  2237.0   1011.5227958575679   1790.5492074399901   4.554662657006064   440.3156933002422   34.20647877924394   1311.4723722680492 
  2238.0   1012.0811721953866   1790.4394169739728   4.421097686357475   440.5431498678525   34.241292172324606   1311.233877050183 
