 year   CV   CS   DPM   RPM   BIO   HUM
  1993.0   792.4415248346894   1808.6425230490831   4.874173630153498   447.2777216154243   35.48102986805152   1321.0095979248438 
  1994.0   793.1013130387107   1808.7317866577323   4.815904339651182   447.172948603213   35.492548898255926   1321.250383847585 
  1995.0   793.0236331972305   1806.7102976730591   4.683533012806882   445.20705242854217   35.429162621048754   1321.3905501221655 
  1996.0   793.6585102541233   1805.2760972471165   4.810598097201228   443.7001078503099   35.33047215050099   1321.4349206467957 
  1997.0   795.0390441414772   1806.6472142098883   4.927961361689419   444.80926695449364   35.340258887891515   1321.569727032483 
  1998.0   795.5499701756717   1807.417116988586   4.862542353820129   445.4436482024205   35.36930531660925   1321.7416203618873 
  1999.0   795.6615265955937   1806.7921076322575   4.788811586496856   444.80061097387215   35.34753738638876   1321.8551476125974 
  2000.0   795.9722677225869   1807.3763568315765   4.9236732121136715   445.15381981410604   35.33648189498058   1321.962383501608 
  2001.0   797.0638042892812   1809.4555751239898   4.922004581084709   446.9162348070117   35.419766833091465   1322.1975682932032 
  2002.0   797.4710569446262   1809.8692204589213   4.849210224129443   447.1623372298618   35.45430354475871   1322.403370219691 
  2003.0   798.1796340488671   1810.4472511365232   4.905401912261657   447.47241723991607   35.47173371242022   1322.597698152066 
  2004.0   799.0700385055954   1810.6307817857223   4.820499065916182   447.5034966940447   35.49441206331376   1322.8123752045951 
  2005.0   798.9763159742498   1809.8819083751641   4.795475254919502   446.66682482484254   35.46291329356689   1322.9566966574637 
  2006.0   799.5165757476223   1810.046894763454   4.86493290279266   446.6482805655283   35.44328642503948   1323.0903944610377 
  2007.0   799.6101179255269   1810.6265374998165   4.880570100610093   447.03992845317094   35.45019552076361   1323.25584446099 
  2008.0   799.235697600092   1811.4282662859698   4.873501989674173   447.62850707183924   35.47690491306594   1323.4493525778391 
  2009.0   798.9509483541997   1811.947811780127   4.857503237480086   447.9595754561909   35.494616198447076   1323.636116890983 
  2010.0   798.7566615208111   1812.5933691813946   4.834397544663364   448.3792632841917   35.524212494878746   1323.855496702422 
  2011.0   798.4631657642735   1812.2494759917788   4.765938906917154   447.9167769981192   35.52359833993576   1324.0431622071303 
  2012.0   798.2499845226912   1812.3059171664052   4.846884474204409   447.7551020698877   35.50533548674096   1324.1985954863055 
  2013.0   797.9449585626497   1813.4538211862075   4.869920096970241   448.6148889138167   35.54532445742311   1324.423688220735 
  2014.0   797.8232800337341   1813.3311769954632   4.80231789762469   448.35430980550944   35.54936958529289   1324.6251800443542 
  2015.0   797.7487056105387   1812.8847488377012   4.798405947237021   447.7665341778654   35.52928816846416   1324.790519801638 
  2016.0   797.37100857662   1811.2645145571398   4.753433347541246   446.16230149618985   35.465397568152305   1324.8833811354093 
  2017.0   798.0009700278716   1812.1949864371634   4.939096474117539   446.7924199142009   35.45531615830338   1325.0081538570903 
  2018.0   798.4020069544346   1812.146036522629   4.782558360400341   446.7192138290616   35.473342529892655   1325.170922662232 
  2019.0   798.6004774470506   1811.4685815767093   4.7679334447597235   445.98866181798473   35.44194907868097   1325.2700384135364 
  2020.0   798.5805011825441   1810.9828412420377   4.785074954928836   445.448211581783   35.40433996489017   1325.3452158685982 
  2021.0   799.2480835628384   1811.2140685454983   4.857063179915636   445.5614867753826   35.38444021076997   1325.4110779143307 
  2022.0   800.0660280429976   1812.8990461551425   4.933814977143888   446.9853774272144   35.42848246934274   1325.5513729340366 
  2023.0   800.1890864070624   1814.1474193871911   4.850054673252354   448.0536200347851   35.492437229224414   1325.7513051451679 
  2024.0   799.9573832303461   1812.6319793818986   4.693701036605188   446.63185299477544   35.45998421538919   1325.8464422237482 
  2025.0   799.7951840376892   1812.3726019592702   4.833589339275765   446.2104191545347   35.42174707428197   1325.9068477589915 
  2026.0   800.2554839325257   1813.1838745908601   4.907962358420342   446.8203667556917   35.43247103525954   1326.0230755752368 
  2027.0   800.1865634032451   1813.3880469336584   4.787515504372821   446.9644623712907   35.46110051480052   1326.1749679161899 
  2028.0   800.2483605998317   1813.2704503552382   4.8970529766270845   446.67678779093166   35.43729243504219   1326.2593175675643 
  2029.0   800.4086529936213   1813.9759106135232   4.833269679172101   447.2685748716135   35.46752744672838   1326.4065378039795 
  2030.0   800.7340262827662   1814.9538348392584   4.886368774743682   447.9991672801074   35.49734326270559   1326.5709558909753 
  2031.0   800.7763036428419   1815.4565623656604   4.836682201097906   448.3367481460974   35.53142894692432   1326.7517030661372 
  2032.0   800.5651391842041   1814.1846557137117   4.746162606703001   447.08174885471186   35.498543084620735   1326.8581997683477 
  2033.0   800.1767067105068   1813.741781571637   4.841967667246745   446.5223891767443   35.45659886072614   1326.9208254208231 
  2034.0   800.3269111076756   1814.0450960109554   4.835909571132788   446.72206507694966   35.459108260376865   1327.028013345378 
  2035.0   800.7768979921274   1815.2051003639476   4.948931710597755   447.60718446301024   35.48286714619019   1327.1661174500155 
  2036.0   800.7870494102438   1816.8535470640259   4.923991774499473   448.980192179219   35.55730180067656   1327.39206128683 
  2037.0   800.6241085410394   1815.9771176131303   4.782389191951327   448.07941918011403   35.557954934913234   1327.5573522516536 
  2038.0   800.9657145707024   1815.6467244110725   4.904194920954628   447.5620891661984   35.52273610734557   1327.6577047672822 
  2039.0   801.1887306549362   1816.534823378435   4.908050482371105   448.25663125725634   35.54860864262117   1327.821532287646 
  2040.0   801.4393133499298   1818.0141310644597   4.912899947147778   449.45537361778423   35.60305841942598   1328.042798514743 
  2041.0   801.2471756385584   1818.2554331611261   4.870993378069699   449.52529932799627   35.6210939513774   1328.238046466836 
  2042.0   801.8112394343959   1818.489397586209   4.850945678921966   449.548430701673   35.640585355931506   1328.4494378853767 
  2043.0   800.7026416202292   1816.3363476488198   4.673371351827565   447.5244610199329   35.58086790435893   1328.5576459666606 
  2044.0   800.4314443638846   1815.3014833898176   4.852579818862057   446.38441521462613   35.490229681495634   1328.5742583878105 
  2045.0   800.7223036046837   1815.9471254223624   4.844193732550726   446.9104214005603   35.49894862186582   1328.6935624228208 
  2046.0   800.7698947598087   1815.8926103322665   4.799384026697909   446.7963054316724   35.49556813009282   1328.8013525775314 
  2047.0   800.7471606391354   1816.3040555475093   4.926959823263314   446.9975707634464   35.48597424866949   1328.8935496107379 
  2048.0   800.8545602929628   1817.3499597253792   4.901984963272271   447.8513111616468   35.534375373363844   1329.0622878832169 
  2049.0   800.7662112889709   1817.897267677993   4.913690262599599   448.2264696325155   35.551765913922154   1329.2053438269456 
  2050.0   800.6326024546215   1818.271741168119   4.881209321017844   448.44828801403565   35.57389343362903   1329.3683495212044 
  2051.0   800.43192433463   1818.5928695393395   4.869076913461844   448.60631440855053   35.58612785596176   1329.5313504379483 
  2052.0   800.3619702124281   1819.7548803483833   4.9343328803533835   449.4726476455737   35.61916780675449   1329.7287320878665 
  2053.0   799.4621884090678   1819.8462812467105   4.833950138266622   449.44497059006136   35.64157132771379   1329.9257894446903 
  2054.0   799.1659903209228   1819.6854681272494   4.873943917172922   449.12481029942455   35.62344234333442   1330.0632707030086 
  2055.0   799.185666138318   1820.0956320791538   4.845878893290367   449.3672689568511   35.637143381171406   1330.2453414896063 
  2056.0   799.4164404879758   1820.8888740664213   4.8798597109301385   449.87304542480064   35.67063880944311   1330.4653308587237 
  2057.0   799.0763247721582   1819.4729354790084   4.7979062341084395   448.44461743494224   35.63169844075895   1330.5987149433074 
  2058.0   799.083423334991   1819.5792962332446   4.939236953871995   448.3359189225656   35.601293367610424   1330.7028455994503 
  2059.0   799.7502403203346   1820.9370429160952   4.994795786484989   449.43375050681345   35.63584638396082   1330.8726504789272 
  2060.0   800.020852570997   1822.3561320305969   4.916171318604782   450.63489874699405   35.69981219196015   1331.1052504542033 
  2061.0   799.7580922146302   1822.9091472434172   4.860146427654478   450.98299305561693   35.73264842284617   1331.3333592635447 
  2062.0   799.1803242684854   1822.4323086876732   4.816618037308914   450.3611356082086   35.72628187008058   1331.5282731766483 
  2063.0   798.891731467442   1821.9645788862417   4.846803197852602   449.7474011791439   35.69391786684981   1331.6764559214662 
  2064.0   799.0622712902056   1822.4518404775495   4.903891867651077   449.9862833075732   35.6983961921947   1331.8632703308595 
  2065.0   799.0653850826391   1823.256500518952   4.868992845246211   450.5769014418363   35.7256170792669   1332.084989147392 
  2066.0   798.9448088404431   1822.9397801005473   4.770270712587701   450.1529158015792   35.72657539222259   1332.2900190929165 
  2067.0   798.7086370940636   1820.7757233271768   4.693603260468774   448.0431223980127   35.64971398626634   1332.389282726617 
  2068.0   798.5575812227984   1819.9893667007927   4.852108110267557   447.10911460584396   35.57851449456494   1332.4496293423533 
  2069.0   798.5673875652634   1821.018726008339   4.924800146181823   447.91406197589225   35.58956303610262   1332.5903011322143 
  2070.0   798.33630847681   1820.3214575343986   4.794842921889167   447.2471160445345   35.5743706056093   1332.7051283963617 
  2071.0   798.8189437930084   1820.563503926928   4.927219783512147   447.2797531414514   35.55679348379341   1332.7997352173236 
  2072.0   798.4881375666962   1820.157271225045   4.810534950689886   446.88015863243015   35.5516546592724   1332.914921542677 
  2073.0   798.5292190492557   1820.6278254309777   4.949887842333175   447.1344695290096   35.53991383927769   1333.0035529670101 
  2074.0   798.716197573948   1822.0155333551188   4.978103751161993   448.3063796142657   35.57880245500892   1333.1522473729883 
  2075.0   798.1741440444814   1822.3232945510383   4.814842561722937   448.5676054562545   35.61271477037728   1333.3281305969006 
  2076.0   798.1997901990449   1822.271370528842   4.897048015126018   448.32405170316747   35.60144882580875   1333.4488209640213 
  2077.0   797.91086903238   1822.1549694796156   4.84022896265602   448.134377086686   35.600057967445345   1333.580305410602 
  2078.0   798.841283130585   1822.5566016933699   4.904898305655219   448.33764843790294   35.60141110410994   1333.7126440917875 
  2079.0   798.898290400392   1822.5667166941846   4.839880228395924   448.2566953786407   35.61029579109081   1333.859844304654 
  2080.0   799.0678714079523   1822.5927948125807   4.859332217618898   448.15257521716325   35.60075770206873   1333.9801287188184 
  2081.0   798.6063061163378   1821.9379965958863   4.757325840307894   447.5191121567942   35.58079158742052   1334.0807672668022 
  2082.0   799.1824513273883   1822.0156831057714   4.888892035464536   447.4161921453582   35.554665485169416   1334.1559354521103 
  2083.0   798.8544725006967   1821.4943020107253   4.768313143430684   446.92328414538474   35.54782701417024   1334.2548778814003 
  2084.0   798.7626587940641   1821.5471093972315   4.910519796240718   446.8040393274608   35.52034549285834   1334.3122035294762 
  2085.0   799.1736851116875   1822.8665399642339   4.994871084249765   447.86991215610124   35.55682269141101   1334.4449346062122 
  2086.0   799.0500619510254   1823.6025916346068   4.8454919437350314   448.5277323244468   35.60788016087813   1334.6214841602973 
  2087.0   798.3980298695278   1823.0681871321033   4.805021352719944   447.937880952898   35.59123060339976   1334.7340545396744 
  2088.0   798.35274415852   1822.7323747084613   4.842278028334244   447.4951195989896   35.56937250983705   1334.8256052402414 
  2089.0   798.9754833275503   1823.1834550121487   4.926482700893459   447.7670732644516   35.564771575108495   1334.9251281634067 
  2090.0   799.5821944302298   1824.1504728053449   4.905644189957684   448.55729687682475   35.60106595867738   1335.0864652225455 
  2091.0   799.8788336572983   1825.0636012646107   4.920085158783037   449.24366029484594   35.635378935911646   1335.2644769953345 
  2092.0   799.2778025765182   1824.4196005568829   4.830196858070443   448.5489645062428   35.631798844267934   1335.4086399760292 
  2093.0   798.7184791373829   1824.4028168214816   4.898516380618554   448.370458667581   35.61573153504723   1335.5181088962897 
  2094.0   798.7265793840495   1825.1710539872552   4.894312698061164   448.9814880299658   35.63139589172316   1335.6638577529054 
  2095.0   799.0973634800087   1825.7748422875202   4.863979417852479   449.4178077018936   35.65854550375378   1335.8345099181463 
  2096.0   798.8764416083823   1823.9840167628704   4.739733609220083   447.70272417404436   35.61449994092836   1335.9270594680117 
  2097.0   799.5118050298474   1824.3860447049533   5.000198906276134   447.7951385462449   35.58569117625995   1336.0050160716735 
  2098.0   799.9755344214267   1825.5179614785573   4.897552389660585   448.76842317034885   35.64518935662818   1336.2067945201575 
  2099.0   799.6063071687851   1824.6884290950225   4.812675682486472   447.9143714347161   35.629284004168795   1336.3320974797236 
  2100.0   799.2639443605462   1823.5613849061283   4.875150566146455   446.76699558532636   35.56126967779879   1336.3579694014982 
  2101.0   798.9174670575225   1823.8421581767905   4.908447503432961   446.969184030603   35.54451595498857   1336.4200101303793 
  2102.0   798.5252644726044   1823.6188304614045   4.836279423768069   446.7557400430216   35.535223457445205   1336.4915886813267 
  2103.0   797.9790358415958   1822.9681079141221   4.785123217766632   446.15696950984363   35.502697924042984   1336.5233183198957 
  2104.0   798.2593761085969   1823.3006744123984   4.901949361700558   446.3523967128742   35.490130178501445   1336.5561966575292 
  2105.0   798.4691761096785   1823.6480985326923   4.8365646772811965   446.6576876407835   35.512507978883505   1336.6413384965047 
  2106.0   798.1618703592155   1823.0782925238132   4.803303683715134   446.0827940474819   35.49898695403287   1336.6932080633956 
  2107.0   798.1063213864041   1823.28504614639   4.944471779511942   446.1472912330761   35.47931737329351   1336.7139658160809 
  2108.0   798.1269981240345   1824.5404806300521   4.889884920419236   447.2831278964173   35.530543847737476   1336.8369228830322 
  2109.0   797.4438871934526   1823.4146842188425   4.714674445923152   446.2682533078925   35.51858096140397   1336.9131751204384 
  2110.0   797.3545674674575   1823.1379898430203   4.887609572284482   445.8407250436349   35.47734497240757   1336.932309621753 
  2111.0   797.6228436725092   1824.4809915235635   4.949928525705194   446.966072103245   35.51902542800486   1337.0459635475938 
  2112.0   797.2158882580795   1824.746841707466   4.797864933506543   447.21192054522595   35.55181913079878   1337.185237398889 
  2113.0   796.6708416917288   1824.1311782531652   4.8619383402760326   446.51963119004955   35.5145284735684   1337.235080461171 
  2114.0   796.3255986371795   1825.0372647573765   4.94675526925089   447.2185127919134   35.53290191905645   1337.3390932504396 
  2115.0   795.2897621147582   1824.5909736688711   4.800006996602752   446.81910711572516   35.536839949903275   1337.4350192403388 
  2116.0   795.4772934315696   1824.8895430684665   4.954057759368985   446.9207767134143   35.52111534393723   1337.4935941181848 
  2117.0   795.278326526835   1825.967527872433   4.944888487695872   447.8294124530477   35.565533352700406   1337.6276937548957 
  2118.0   794.9210953451562   1825.3877133426336   4.801549339050697   447.2895826948308   35.56730547501723   1337.7292768205195 
  2119.0   794.4175600382821   1824.7362908955174   4.852453732858401   446.5797368835171   35.53212538988079   1337.7719733518531 
  2120.0   793.7863596932776   1824.5163993703623   4.839552762950676   446.33551918350787   35.51641707576234   1337.8249099248578 
  2121.0   792.9089620314821   1823.7636009022538   4.7808497812523125   445.65483749908583   35.48205497394792   1337.8458582088545 
  2122.0   793.0796597258997   1823.5031577321668   4.900611334314242   445.31597995170625   35.447107029433155   1337.8394597053432 
  2123.0   793.2828433954933   1824.0696370719168   4.890160657939843   445.81400866315545   35.46731191339854   1337.89815775896 
  2124.0   792.7499810603333   1824.0309304167076   4.842223596754707   445.7669970565073   35.47189483454561   1337.9498142670486 
  2125.0   792.4971234345483   1823.9070927323294   4.821661394625682   445.63305822387485   35.46667452912123   1337.985697823465 
  2126.0   792.4289964602126   1823.771811466969   4.836367708492173   445.4703743482249   35.45293780227943   1338.0121319656087 
  2127.0   792.1222607967837   1824.075364359968   4.87057175844939   445.6924146070635   35.45722923938449   1338.0551480259712 
  2128.0   791.8694675536736   1823.7342757448264   4.856159300299225   445.35757562150087   35.44611274786249   1338.074427738435 
  2129.0   791.7539845971279   1824.2208575826664   4.915639436366573   445.754814765578   35.4486849016321   1338.1017190608243 
  2130.0   792.0281723494709   1825.6162556641027   4.938698161489551   446.9710534851835   35.50165174149319   1338.2048525820114 
  2131.0   792.1676211360823   1825.6041620652952   4.801610967052696   446.95102998631404   35.53210417645016   1338.3194154703829 
  2132.0   792.1630106545443   1825.4910385996402   4.913652880001311   446.6816123867435   35.51786843574354   1338.3779048780784 
  2133.0   792.4370134604735   1826.3597212871973   4.964637150265455   447.3643135212269   35.54563616298348   1338.4851345094842 
  2134.0   792.4949457718885   1826.508867420202   4.827307429562759   447.49922789615914   35.571928864524125   1338.6104034008665 
  2135.0   791.9162235026979   1825.7854583692326   4.823035804789737   446.7541534857216   35.541442785030235   1338.6668259983658 
  2136.0   792.0202691602033   1826.0061903263559   4.91290722889774   446.833676724663   35.530165287195125   1338.7294405595508 
  2137.0   792.2796189717444   1826.7818130251187   4.85194304895092   447.50360845214516   35.56800863669334   1338.8582532867517 
  2138.0   791.7348536373854   1825.8165826111576   4.7670543377373065   446.5746668412867   35.544442761935976   1338.9304191424064 
  2139.0   790.967568813571   1824.986768928568   4.796972246386645   445.7304332833105   35.50049968702067   1338.958864354186 
  2140.0   790.7870245175416   1825.2892710768874   4.9147277712160635   445.88041896404224   35.48858244226515   1339.005541421243 
  2141.0   790.4794398716841   1826.0642182475858   4.901538790453041   446.552381665538   35.51197921914637   1339.0983178831023 
  2142.0   790.758440566168   1827.2143274734917   4.918213992156655   447.51035776174143   35.554471838911844   1339.2312853072017 
  2143.0   790.2598156677246   1826.2084004374133   4.752919581136957   446.60548003063946   35.54193684414163   1339.3080633056225 
  2144.0   790.1970473550411   1824.6944171245475   4.7747679960763145   445.16472583786924   35.467803698156764   1339.2871190451147 
  2145.0   790.1575424299705   1824.6642906205632   4.8640395898751585   445.07572664998014   35.43794402109068   1339.2865803136622 
  2146.0   790.6407002295667   1825.7627367011535   4.934962325389535   446.0040520135355   35.463460144247044   1339.3602626297002 
  2147.0   790.3713179035428   1825.9606055530408   4.793901495083297   446.2054779017711   35.4947219675065   1339.4665051633938 
  2148.0   790.4477894828769   1823.453602270814   4.693595863647148   443.9256053977421   35.40985901625315   1339.4245417902196 
  2149.0   790.8815862131206   1823.9756309956629   4.982620265491941   444.22081050276836   35.37535916957059   1339.3968416896678 
  2150.0   791.0941754235205   1825.505556008758   4.927705246773285   445.6447151847192   35.43940221257143   1339.4937333111718 
  2151.0   791.113764141581   1824.782448552066   4.77577379064446   445.04605358361886   35.43629714688084   1339.5243232556354 
  2152.0   791.5782288513603   1824.854007257082   4.9425465609394115   444.98200571117235   35.412996706185844   1339.51645963081 
  2153.0   792.3145304519251   1826.7163281343985   4.99684181461809   446.60946425498855   35.47863233216308   1339.631391124096 
  2154.0   792.6966343347392   1827.6803835878882   4.864770336176251   447.48731530038356   35.54316996403904   1339.7851274701843 
  2155.0   793.1936860418779   1826.8353963614518   4.805022690582774   446.63368353778253   35.530173761114014   1339.8665173997076 
  2156.0   793.5847125588455   1826.859637915601   4.877616662587376   446.51284171365063   35.522234463472685   1339.9469460098035 
  2157.0   793.1248493104014   1826.6304593840448   4.851898160258632   446.25579368115467   35.50967774077648   1340.0130890359187 
  2158.0   792.6692766695471   1826.8760710276338   4.871300152759639   446.41324228024854   35.50727470498247   1340.0842533621567 
  2159.0   792.4589223824208   1827.2869332337061   4.923879047894022   446.67626425783516   35.51744820566634   1340.1693411849574 
  2160.0   791.7690768122071   1827.9191708478227   4.921897190274568   447.1648488715629   35.54619529517577   1340.2862292680697 
  2161.0   791.6911245494549   1828.0825467225472   4.897854353342603   447.2394060603311   35.55694735493197   1340.388338611121 
  2162.0   791.718318276762   1827.5283922404192   4.805827500903287   446.6973554194612   35.55284596791322   1340.472363589724 
  2163.0   791.4758363991286   1826.4610638658435   4.848298316259032   445.6392900177423   35.498313148297505   1340.4751616658245 
  2164.0   791.6366414751047   1826.5505591395456   4.908803260789494   445.6586528278578   35.48142015367134   1340.5016823597834 
  2165.0   791.6480329559853   1825.8110978870122   4.780264877939017   445.0425893290613   35.462594114818195   1340.5256491703278 
  2166.0   791.7191412403707   1824.5893607102194   4.791259074445517   443.9229761932867   35.40037303079661   1340.4747511304545 
  2167.0   791.6099603901276   1823.5095470319955   4.779705249853032   442.9626826157207   35.35076034717556   1340.4164000392398 
  2168.0   791.4159438344848   1823.1119125934938   4.862937248428937   442.5840558658862   35.314565242445525   1340.3503550135767 
  2169.0   790.9952637672043   1824.0254132539717   4.905809311533158   443.4434067768602   35.33196810353507   1340.3442279525186 
  2170.0   789.6232385836737   1823.9659844532182   4.803662591966495   443.4814602484301   35.33638303737997   1340.3444793671806 
  2171.0   789.7082237500132   1824.5187638223083   4.9068339649264585   443.911602110309   35.34858972166758   1340.3517385154516 
  2172.0   790.4860971817344   1825.2734413612257   4.857995180574333   444.59705886108105   35.39669413682703   1340.42169351155 
  2173.0   790.1736237600949   1824.5736705632814   4.758359904441327   443.9756437275215   35.3904950224031   1340.449170409801 
  2174.0   789.8290430773772   1824.1432609847627   4.855858993924286   443.4830710158996   35.36042263869983   1340.4439091705572 
  2175.0   788.8576279866637   1823.168269019903   4.7001410456006685   442.6779606799314   35.34185354624593   1340.4483126017356 
  2176.0   788.6884826552781   1821.88179693576   4.753375633490122   441.5000707024899   35.26706244755768   1340.3612889836907 
  2177.0   789.4984585588339   1821.6468208955814   4.793063648431617   441.30783570151294   35.23780693565817   1340.3081146597663 
  2178.0   789.8533443243036   1820.8016320389415   4.734415863500835   440.6107228233595   35.20957837072689   1340.2469152897388 
  2179.0   790.2889068547782   1820.9965834676652   4.884205117856338   440.74781149815686   35.18808996429038   1340.1764779767561 
  2180.0   790.5790286458381   1822.9405555068554   4.974987381377331   442.50182140258335   35.24501352793814   1340.218735545695 
  2181.0   790.3425631344854   1824.2188914741416   4.909585773258237   443.71219111159087   35.30464415083685   1340.2924709230288 
  2182.0   790.0127038628721   1825.0939309826601   4.900529395014827   444.4751095128116   35.34697198287304   1340.3713199746887 
  2183.0   789.5434738200433   1824.9632221934257   4.820918994765441   444.3496953879895   35.36226396234783   1340.4303439715395 
  2184.0   789.0297742849666   1823.5863924563655   4.8047367013456705   443.0708666418441   35.311428617272426   1340.3993599933497 
  2185.0   789.4024084714038   1824.2787493702397   4.981780676485189   443.58029085939916   35.30919104988709   1340.407487277517 
  2186.0   790.0111027434857   1825.6546958407196   4.964198988905728   444.8137197138433   35.36984197670836   1340.5069353190993 
  2187.0   789.973943211663   1826.2369386284402   4.903615208506842   445.3141801773689   35.41115188712155   1340.6079914566076 
  2188.0   789.2996917332929   1825.8585171771522   4.8019410465135   444.95930220635864   35.41650734327759   1340.6807663589802 
  2189.0   788.5703992728404   1825.8620480537743   4.874256800750017   444.8618125958002   35.40496479897147   1340.721016098669 
  2190.0   788.208365861993   1825.5799568742564   4.806082481426443   444.5890410650084   35.40614222780603   1340.7786915562544 
  2191.0   788.2217251223869   1825.1342721117185   4.860504108285785   444.07599942876686   35.38787362571105   1340.809895005095 
  2192.0   787.7892832697296   1824.1478441756115   4.726361314195112   443.2188669992155   35.36601240122426   1340.8366023687188 
  2193.0   788.6604897363725   1824.3024663356791   4.945232483517262   443.19978453375813   35.33289162099409   1340.8245567317026 
  2194.0   789.1953744860092   1825.164386716085   4.899245955972694   443.982228003521   35.37423953643733   1340.9086723825362 
  2195.0   789.6704938706589   1826.2569343205503   4.96500989952527   444.8799101147708   35.40862065712683   1341.0033941878785 
  2196.0   789.268760603722   1825.6163843382865   4.7842463471340055   444.3247331595592   35.417954838818446   1341.089450022574 
  2197.0   789.5858857077005   1825.5890622117577   4.982575742005046   444.1253549135512   35.38338174308868   1341.0977495755465 
  2198.0   789.7813597378172   1826.1734136290863   4.8735117955327185   444.6757090298677   35.42283956672049   1341.2013536805416 
  2199.0   789.0873739044683   1825.0171295973755   4.789275408890952   443.6276567992995   35.38525034685053   1341.2149469411754 
  2200.0   789.7673401199805   1824.9435471843697   4.91848820055835   443.456528668198   35.35648014682464   1341.2120496590571 
  2201.0   790.3655500326621   1825.5498632032527   4.869406264470257   443.9869347114054   35.39114642366374   1341.3023757290148 
  2202.0   790.8513081474664   1825.8406598303093   4.958842455017794   444.1420302381676   35.388527549682884   1341.351258470122 
  2203.0   791.4583544478924   1826.6026423250312   4.859952337773318   444.838261593471   35.433839056813035   1341.470589011062 
  2204.0   791.2780517258717   1825.2804940026247   4.752350787346993   443.6242745318168   35.399652776757264   1341.504215801514 
  2205.0   791.9647633866771   1825.3605722711372   4.9761146326885655   443.4926773540561   35.373764072229044   1341.5180160403977 
  2206.0   791.7604395065339   1826.0053717742428   4.87941005659176   444.10919736554797   35.406279084946306   1341.6104860168864 
  2207.0   791.8836054596986   1826.8749088851982   4.970411558950957   444.7818086421769   35.425195466906985   1341.697493949817 
  2208.0   791.5632473542893   1827.0136969145524   4.850503194061502   444.90449965103824   35.45125835705661   1341.807434443791 
  2209.0   791.433859526703   1826.6356278564597   4.877457450012497   444.4606524266228   35.43229759842564   1341.8652205501733 
  2210.0   791.4132033423457   1826.9767460753887   4.979595449170232   444.6509352059964   35.4242674871573   1341.9219474312267 
  2211.0   791.6549911798276   1828.3283270383324   4.994972331140773   445.8208557033692   35.46996433850365   1342.0425363546788 
  2212.0   791.4842431327124   1828.4975701187725   4.852415369372866   445.9841186024791   35.49610257371418   1342.164935194723 
  2213.0   791.2724193093867   1828.165264865743   4.863791254945809   445.5752892713371   35.4822763263169   1342.243908147666 
  2214.0   791.6453560181793   1828.6957302604578   4.97725306772288   445.906539275588   35.48401721719447   1342.32792081922 
  2215.0   791.5740646916427   1829.3335825056586   4.949685386147478   446.4159229903988   35.51366579250041   1342.4543077318608 
  2216.0   791.3224748187522   1830.3586163384432   4.972072230343687   447.22966446337995   35.554311726730404   1342.6025681921353 
  2217.0   791.0833345072161   1830.3257501570233   4.871152161076002   447.1452617841321   35.571133789400996   1342.7382026480275 
  2218.0   790.9245111403727   1830.3417642450997   4.932156719782964   447.0252651628482   35.55559859792104   1342.8287427220462 
  2219.0   791.1508279132963   1830.9820616369348   4.889092845151101   447.52965997764744   35.58584660247297   1342.9774626276624 
  2220.0   790.4836150556077   1830.3015223500388   4.7919944028586245   446.85901327830385   35.570941918456775   1343.0795743121032 
  2221.0   789.5432208110889   1829.8890312555595   4.855444607199179   446.36754265699744   35.532368753494545   1343.1336758238044 
  2222.0   789.3824243495998   1829.432516572314   4.840219167952044   445.8943651908175   35.507132578779014   1343.1907996201253 
  2223.0   789.4230640354248   1828.8016071235768   4.828954429236434   445.261295945149   35.478327008910036   1343.2330295612073 
  2224.0   789.6838921277824   1829.3359788577022   4.894585014716223   445.65960683349994   35.48141971704831   1343.3003675736823 
  2225.0   790.1623372122218   1829.8748293888057   4.914454355077107   446.0697272438732   35.49919295295536   1343.3914540914693 
  2226.0   790.4279645288078   1830.053479463678   4.851191372205519   446.1844912360169   35.52081540311118   1343.4969805498558 
  2227.0   789.9580554942277   1828.5630136846062   4.775312749415609   444.78638149995453   35.47737964197433   1343.5239388396126 
  2228.0   789.2808587618393   1828.194421836873   4.877958354302119   444.3574421738825   35.43775192767997   1343.5212694346496 
  2229.0   789.1309585071518   1829.2814345124502   5.010214313069728   445.2666458035463   35.445894556473995   1343.5586779405514 
  2230.0   789.6602738678982   1830.2448734359687   4.962326310622486   446.11035621018135   35.49921179626772   1343.672978824563 
  2231.0   789.8115659403961   1831.027355597548   4.955160427152901   446.75077273215175   35.53754799967078   1343.783875018613 
  2232.0   789.2962066253738   1831.158664575875   4.916562721937704   446.80541011379177   35.55176136535223   1343.8849324637567 
  2233.0   789.3911273562347   1831.8926260803316   4.9757123340443075   447.33195012391354   35.57619751799897   1344.0087652511795 
  2234.0   789.375470875661   1832.5672424092857   4.923032188433696   447.86623622551053   35.615212432832905   1344.1627611811064 
  2235.0   789.4284438577325   1832.4235278985418   4.930456884828283   447.6137139618124   35.61115257650634   1344.268203646445 
  2236.0   789.621641714946   1832.1129603269364   4.8869880546189055   447.2367845653436   35.6099015429618   1344.3792853953528 
  2237.0   789.6915068717693   1831.7775737020606   4.863683293358604   446.84601131645064   35.59820850026081   1344.469670817257 
  2238.0   789.9716008253251   1832.2162502420133   4.946794920612716   447.1118117832188   35.594785326604054   1344.5628580852597 
  2239.0   790.3576840539935   1832.7775410339837   4.916551401550539   447.5419352007741   35.61965133537318   1344.6994036782116 
  2240.0   790.7650200859053   1832.643992232416   4.8961171049597505   447.3273067686923   35.61458650284472   1344.8059820136712 
  2241.0   791.1512135242325   1832.565313022161   4.939429281475765   447.119698592491   35.60639922523785   1344.899786567973 
  2242.0   791.4870012846163   1832.5269552767206   4.922525479718172   446.9915411784876   35.60824347292353   1345.0046441372901 
  2243.0   791.0803367800519   1832.5686839157104   4.88418331689923   446.9619898898045   35.61037995815038   1345.1121309420907 
  2244.0   790.877566375166   1832.3392285588977   4.9026685315889305   446.66064519334105   35.59118817839146   1345.1847258459259 
  2245.0   790.3117973917589   1832.6734441237081   4.8934557747258705   446.90025351386976   35.59702172197389   1345.2827139995675 
  2246.0   790.0501060639193   1832.505107319233   4.913136382968904   446.67097346249255   35.577533787992586   1345.3434623244684 
  2247.0   789.923505704175   1833.1391751220192   5.009892617362557   447.1329083086133   35.58008371709702   1345.4162919067805 
  2248.0   789.1082653105716   1832.7366458546169   4.881221078319063   446.7987809384785   35.575323383305275   1345.4813216732189 
  2249.0   789.6358416063489   1833.6467772823335   4.991367565644145   447.514345335019   35.58775802678268   1345.553305592987 
  2250.0   790.0794819238862   1835.5201044010391   4.994221611308827   449.14232760235103   35.66116050038918   1345.722394609523 
  2251.0   789.9739810751845   1835.0641064160195   4.8164166464166005   448.6898164008581   35.685323982739995   1345.872548866093 
  2252.0   789.7211816180469   1834.7245546162012   4.906066221723655   448.20388020111875   35.65948333014315   1345.9551253698517 
  2253.0   789.1708797558346   1835.0280308879856   4.891835393009953   448.3887794699036   35.67071742669116   1346.0766965055116 
  2254.0   787.7921669528155   1833.9130087806573   4.763276157397449   447.3621894996509   35.638309795797305   1346.1492326960445 
  2255.0   787.3403238132531   1832.6885687959218   4.778347632679817   446.1452192216261   35.583200704991505   1346.1817997684354 
  2256.0   787.0063257209378   1831.5615089330222   4.796675295382833   445.0452354148667   35.52853937948973   1346.1910584236703 
  2257.0   787.1477648566103   1832.0073828452457   4.965764724536956   445.316603624538   35.50856363121284   1346.21645065145 
  2258.0   786.8618137445787   1832.5889150017429   4.889304402705543   445.8395122662964   35.54102486239172   1346.3190724598296 
  2259.0   786.0163542687258   1831.699586931771   4.791154354442587   445.0208255984311   35.52040928685282   1346.3671972651352 
  2260.0   785.5957296726808   1831.4375647141628   4.893054861907249   444.70678274487364   35.475932651977935   1346.3617954582858 
  2261.0   785.5259455577981   1832.419570996705   4.89634609510799   445.5818657052256   35.50166378317158   1346.43969647304 
  2262.0   785.256083063715   1832.1136870897926   4.818494040970059   445.2902261115067   35.501835899006394   1346.5031316263728 
  2263.0   784.3532277281859   1831.5995285932802   4.848135376645832   444.7794862941251   35.46360704333062   1346.5082996207602 
  2264.0   784.5966141998517   1831.754803726068   4.875697347199209   444.8753278189833   35.46137243587165   1346.5424045336993 
  2265.0   784.760061674396   1832.4094827841009   4.943402169901564   445.3960033197402   35.47426282889991   1346.5958138108663 
  2266.0   785.1444709730782   1832.4282083846647   4.841046939084571   445.4013779589283   35.49951678834312   1346.686265818653 
  2267.0   785.3702287148216   1831.5722885582559   4.814435721473187   444.56303486710186   35.47420617268711   1346.7206117089606 
  2268.0   785.5662003360121   1830.7068313731238   4.850602469001748   443.7021826718028   35.43499339051255   1346.7190523101888 
  2269.0   785.5533343149093   1831.558634554963   4.999064932708849   444.3804717514691   35.43485713360423   1346.7442397960583 
  2270.0   785.2914084368199   1832.9467330835198   4.975224511199369   445.62181345459294   35.49340308905679   1346.856293934696 
  2271.0   784.2621174452537   1832.4453708218127   4.783886187147089   445.2153536269813   35.50463405263859   1346.9414958387702 
  2272.0   785.9256270050321   1833.3223292706239   4.903186477016944   445.82525263976544   35.539490810922636   1347.0543994580487 
  2273.0   785.7896845940744   1833.479303124479   4.958711496750033   445.8639163709789   35.53259770742979   1347.124077401589 
  2274.0   786.0547786726072   1833.5432094958976   4.922260420640234   445.862664851484   35.541976741471586   1347.216306987838 
  2275.0   786.3015288027324   1833.7158654325758   4.957573214428845   445.90829593572005   35.5463773419258   1347.3036190757553 
  2276.0   787.1798054922104   1835.2345502720427   5.031116391064468   447.15595068736604   35.59636326835208   1347.4511195530094 
  2277.0   787.0304015370289   1834.8718222805605   4.856301751718788   446.8088593044908   35.61568390836141   1347.5909777956576 
  2278.0   786.7369085441866   1834.165217294179   4.87176146459342   446.0444797531983   35.587074175844954   1347.6619035995204 
  2279.0   786.7928946895416   1834.157163485477   4.919388733523838   445.9171755797747   35.57615124981957   1347.7444479309243 
  2280.0   786.8635755703106   1834.3620125513714   4.910863497916208   446.01952410284804   35.58199422303924   1347.8496307843138 
  2281.0   786.9449998754745   1832.7422108971223   4.799907547738628   444.5295571014263   35.530139883010435   1347.8826061778116 
  2282.0   787.278771947546   1831.5425386377797   4.909504186340156   443.3532417548721   35.45045927477133   1347.829333388822 
  2283.0   787.8787793669444   1832.4157830688484   4.942384668998124   444.1586894576464   35.45798811436902   1347.8567206251334 
  2284.0   787.5359052237899   1832.5331893450825   4.85358394507504   444.3077386200794   35.46943638796989   1347.9024314225205 
  2285.0   787.4820672741331   1832.4818887570748   4.9392402210399196   444.1866832947744   35.45039938110903   1347.905566082856 
  2286.0   787.7584436553316   1832.428394115749   4.891136445884007   444.14678600103457   35.45393302375979   1347.9365384410796 
  2287.0   787.4237690022484   1832.4857382913133   4.871753248876453   444.2025461818996   35.45191069420645   1347.9595270017496 
  2288.0   787.2237700786058   1832.9043722836047   4.900536982884845   444.5454675024952   35.45955876998031   1347.9988092297883 
  2289.0   786.6584193203138   1832.400075269269   4.769861858995286   444.13043217800714   35.46001578468541   1348.0397635600718 
  2290.0   786.4849676067798   1830.899928980832   4.811975167986053   442.7384259153677   35.38252796026348   1347.9669995339448 
  2291.0   787.1864947886535   1831.7464872875796   4.9488109923533905   443.4554433893499   35.38345895969868   1347.9587739929773 
  2292.0   787.2534463713773   1831.725784198786   4.86698557281062   443.49106512333543   35.39414485084199   1347.9735881775052 
  2293.0   786.9829214679629   1831.9773213253034   4.924940612266521   443.6614521277778   35.3996355514228   1347.9912925312292 
  2294.0   785.2710275446935   1831.05002648706   4.908342705384842   442.85981155791944   35.33733630725476   1347.9445378656874 
  2295.0   784.8212607850527   1832.2776983184062   4.947183273893461   444.0017813746474   35.36763586008079   1347.9610972108133 
  2296.0   786.3965816082901   1833.835602826882   4.974738440229722   445.3739755619649   35.43735941562134   1348.0495286890937 
  2297.0   786.4662320707157   1834.7687518805296   4.948424851615437   446.18261825134795   35.488114987270755   1348.1495946208001 
  2298.0   785.9359859182214   1833.6101340935072   4.735209019506541   445.15012287175847   35.49512667375897   1348.2296758032192 
  2299.0   785.4543704765481   1832.8789382801776   4.892817543262192   444.3302978433252   35.44292256490824   1348.2129012335117 
  2300.0   785.4941513950741   1833.0856488701697   4.901132014462293   444.49074913855617   35.446455101443   1348.247312412598 
  2301.0   785.3520876547082   1833.078902480269   4.83781511761181   444.49200037638667   35.45538654918887   1348.293699420939 
  2302.0   784.9885800556046   1832.6312172023447   4.839898280559794   444.04457121419364   35.43636239002206   1348.310385613013 
  2303.0   785.0621103725106   1832.5486538677762   4.898807167511975   443.9044352376052   35.42200191649957   1348.3234097185675 
  2304.0   784.9972909592855   1832.8908310316867   4.910425247966922   444.1893521446728   35.42875322724613   1348.362300891562 
  2305.0   784.7453713632615   1832.820515931536   4.861506401832211   444.1114759352834   35.43501108772269   1348.4125222389969 
  2306.0   784.5234511343438   1830.9345625386534   4.734507377846036   442.4432770826121   35.37961859435007   1348.377159110126 
  2307.0   785.0266849085506   1831.3551111105262   4.975156210024686   442.6748664622178   35.355744315196524   1348.3493434917184 
  2308.0   785.0690009128708   1832.3130150526458   4.933026947062809   443.592922631093   35.39208466893937   1348.3949825187456 
  2309.0   785.5019984456768   1833.1045134874978   4.892838171750109   444.3333904968429   35.424457695114114   1348.4538282241288 
  2310.0   785.2056982720793   1833.8368259060178   4.906456986956052   444.9484362361874   35.45330962557011   1348.5286235790695 
  2311.0   784.3757154009395   1832.7405207145732   4.782365473965383   443.9770708378455   35.43024105644922   1348.5508436617292 
  2312.0   784.3052728232599   1832.0835055987468   4.922746466197069   443.30161834611573   35.37225557325443   1348.486884019459 
  2313.0   784.4127294110359   1832.2602281136392   4.893752408134879   443.48663904371824   35.38076357517326   1348.499073023115 
  2314.0   784.2465216767334   1831.9876458833235   4.869814122484222   443.24981856829044   35.37338959421301   1348.4946231303777 
  2315.0   784.4010670917191   1832.1130230394367   4.917773603172855   443.3191428693643   35.37615573377916   1348.4999507576388 
  2316.0   783.941548436579   1830.6233492563301   4.770812489594154   442.05663499348987   35.340899130657576   1348.4550015144507 
  2317.0   783.5598310585403   1830.1397454504522   4.894843054537524   441.5888478407116   35.29024887338068   1348.365806901245 
  2318.0   783.9942543034107   1831.7388342355073   5.023098454842655   443.00219645757613   35.332804281111045   1348.3807348465584 
  2319.0   783.110349242813   1831.6771930428115   4.8142107642913805   443.08085229187935   35.36563656011443   1348.4164944177478 
  2320.0   782.3764822980161   1830.3087795277038   4.773037515205184   441.8667534978115   35.318428688071904   1348.3505591083167 
  2321.0   782.1985386415395   1829.886291637336   4.884229734155879   441.44708263496705   35.279264461858716   1348.275714830028 
  2322.0   782.8928729847246   1831.096484070433   4.980824284145666   442.53427830938836   35.306757776655   1348.2746241109664 
  2323.0   782.9141313310117   1831.7512034203103   4.892867073127629   443.1905849284173   35.351242399174815   1348.316508942343 
  2324.0   783.314920181066   1831.799385287098   4.902282776543398   443.20726629810343   35.36102555237396   1348.3288110502167 
  2325.0   783.1676043265069   1831.9097029975862   4.890951913177018   443.2927009371878   35.37155942022185   1348.3544907865714 
  2326.0   783.2491404926086   1832.3378295415046   4.927040502333473   443.60937910987457   35.39023156897097   1348.4111770329757 
  2327.0   782.9526224807942   1832.6209913610703   4.910358661540534   443.84327040958556   35.40837123872511   1348.4589917728292 
  2328.0   782.4912744306187   1832.4213874285836   4.910108077919738   443.63969547812536   35.40005531509623   1348.4715281271945 
  2329.0   782.7642279919673   1832.9113945440488   4.953157850480682   444.0410480930423   35.41215716000959   1348.5050320147575 
  2330.0   782.577554550827   1832.688616105166   4.839867270199664   443.8799507509896   35.422636017084955   1348.5461628498915 
  2331.0   782.7486431747935   1832.2187468930663   4.855387922451365   443.40826316993025   35.40459436357468   1348.5505000105259 
  2332.0   783.1729906006246   1832.268289370937   4.91317259915809   443.3911924469018   35.40037043015737   1348.5635526376316 
  2333.0   782.9037980475593   1832.4397054069734   4.892665079663222   443.5347148056927   35.410133930366996   1348.6021912104882 
  2334.0   782.3994433873837   1831.9775722885051   4.865723447066153   443.10917155224695   35.39263505091298   1348.6100413158854 
  2335.0   781.8969262099803   1830.5369344991595   4.7479551569170955   441.87591173052425   35.345065663782336   1348.5680019862364 
  2336.0   782.3654077111653   1830.101268958257   4.973599255634201   441.3596084534308   35.287988597137755   1348.4800708759117 
  2337.0   782.6234238303687   1831.8147819258686   5.003466161730265   442.93402195087884   35.345676284921446   1348.531615783839 
  2338.0   782.6117604398462   1833.3573395625185   5.000539755058791   444.31973589973626   35.41193750334025   1348.6251259031335 
  2339.0   782.4921552633652   1834.596713092867   4.902526088135322   445.43579949299914   35.48423974120321   1348.7741468813847 
  2340.0   781.5166344787086   1832.9041763076402   4.801267372215766   443.85680095489937   35.44198663196848   1348.8041216256004 
  2341.0   781.756000909439   1833.0580358662085   4.994609665015312   443.83746552429113   35.414560441433316   1348.811400956914 
  2342.0   782.1666685485665   1834.2736878080207   5.002014287589465   444.91106059955194   35.45689985239277   1348.9037149499102 
  2343.0   783.0489429272901   1835.0066801287742   4.942868754833273   445.5349713838321   35.500858447871174   1349.0279804954505 
  2344.0   783.261805927124   1834.0650487383352   4.801066947483357   444.6561124311936   35.49525928883712   1349.1126093461571 
  2345.0   783.1883199751669   1832.7453242587032   4.817693519461049   443.3833721607943   35.437076258495914   1349.1071816697429 
  2346.0   782.982269369753   1832.8035599924517   4.954964933093537   443.34938913762574   35.40241007646064   1349.0967959728741 
  2347.0   782.7407151078612   1833.2055779758155   4.886694471812961   443.7578209403798   35.41760453092063   1349.1434575110554 
  2348.0   782.9007627081581   1834.0484955864338   4.9736539247655935   444.44541358789724   35.4336978866216   1349.1957310584742 
  2349.0   783.0552502008031   1834.5688612404326   4.9368801935665445   444.8864018327674   35.4636465841042   1349.2819336874202 
  2350.0   782.8177286099212   1833.1849000779298   4.803065337786225   443.6474163339945   35.43266957868899   1349.3017487417032 
  2351.0   782.8224004228196   1832.5813791973442   4.9012971782116725   443.03653178790535   35.381507986839765   1349.262041663684 
  2352.0   783.4311315267238   1832.9413843161892   4.857746369831944   443.4005355850185   35.39215097267557   1349.2909530081774 
  2353.0   783.646875217765   1832.825844319065   4.825692436146071   443.3093634322199   35.38452578949949   1349.3062634739417 
  2354.0   783.5143351439905   1832.224893391065   4.797627111661782   442.7722476045644   35.357798425827426   1349.2972198530824 
  2355.0   783.0658081844251   1830.1237530871856   4.72790908501431   440.8978863322555   35.28189021687187   1349.2160668473616 
  2356.0   783.6901538193223   1830.0624106013695   4.950192740395632   440.7563630563817   35.2344970071392   1349.1213580957153 
  2357.0   782.7196156300726   1832.0880979093122   4.9020489778090415   442.6124143191869   35.31758567493275   1349.2560490066267 
  2358.0   782.261703065975   1833.13016937497   4.975372792394526   443.5157489784754   35.34584277626396   1349.2932057224223 
  2359.0   780.9636630166522   1832.1751847986136   4.79750659761247   442.74088783598637   35.33569073659772   1349.3011012288916 
  2360.0   781.4487000047549   1831.2752254246125   4.872048587082563   441.87804337768137   35.291199050916454   1349.2339353668763 
  2361.0   781.7508872504892   1831.6577967348535   4.964593370179146   442.1965845279037   35.29139799484239   1349.2052207989054 
  2362.0   781.5917702937035   1831.3499966689947   4.8387916183271935   442.01717065316666   35.29740395173348   1349.1966297760123 
  2363.0   782.1376394077661   1830.6414849359178   4.881770784677068   441.3772825423904   35.260750062885194   1349.1216827084675 
  2364.0   782.1948284887818   1830.4497041452582   4.8698635731334985   441.2479334954512   35.25468706510962   1349.0772189782897 
  2365.0   782.5527592072903   1830.1533154525857   4.906838330881607   440.99322054333174   35.23893398684766   1349.0143228445413 
  2366.0   782.94752886915   1830.9179678050268   4.926982944469871   441.71427412167526   35.265671106657216   1349.01104073474 
  2367.0   782.830634608461   1831.799702373666   4.94380639319412   442.5128899559001   35.30054825438162   1349.0424591178507 
  2368.0   782.3619194432782   1830.5873370554925   4.768926328870864   441.5111405951297   35.2843361209593   1349.0229335456831 
  2369.0   782.0625867467298   1829.8121934871908   4.904261513428377   440.7548718167598   35.22845709476995   1348.9246034499854 
  2370.0   782.3973099799352   1830.6194749099054   4.9306060398939335   441.52341448038345   35.25148344010568   1348.9139710481465 
  2371.0   782.0710742015209   1831.1994197148326   4.859602308095494   442.1082883772343   35.28928240066405   1348.9422462265163 
  2372.0   781.0660075903061   1830.003692587841   4.755016483076002   441.0861502267554   35.26158894818767   1348.9009354192244 
  2373.0   780.8793836716515   1829.8029612909502   4.940457164691684   440.8194980214701   35.22150437306966   1348.8215013771307 
  2374.0   780.948528642692   1830.9871416016451   4.988629924867427   441.89687961038413   35.26071590085171   1348.8409164836314 
  2375.0   780.2743694634586   1831.3370412091474   4.855599847646139   442.3048991460812   35.295860450805975   1348.8806824373871 
  2376.0   780.0064059486605   1830.6542771324453   4.824906594466227   441.70920780995294   35.2717138623128   1348.848449373548 
  2377.0   779.9781482384926   1830.481618798935   4.863424549928046   441.5453359929609   35.25661197938106   1348.8162461069198 
  2378.0   779.7576126156321   1830.9502377900137   4.9276519079840915   441.92996161653457   35.269499553531666   1348.823124341183 
  2379.0   779.3512958470698   1831.453732962737   4.924280008469722   442.38148901725555   35.29429271122419   1348.8536723461361 
  2380.0   778.929528313808   1830.2457912932502   4.820612131020762   441.3378846551056   35.26825636140823   1348.8190371703383 
  2381.0   779.580543900754   1830.9814563611355   5.019600411248097   441.9100791889197   35.264475742436446   1348.7873012418702 
  2382.0   779.5826567599186   1831.7955528587672   4.91887552719095   442.71366215149516   35.31780637166443   1348.8452102294946 
  2383.0   779.2041171399961   1831.5957742347991   4.881260266213567   442.5318323377529   35.32262331661852   1348.86005913596 
  2384.0   779.5170639714088   1831.9940012069308   4.959596633703784   442.8397124639082   35.32582324690666   1348.8688691355017 
  2385.0   779.8221771744462   1832.6902099542779   4.929316483407079   443.4709717451883   35.360518790042306   1348.9294027926794 
  2386.0   780.0829288524495   1832.892019060959   4.904238513128499   443.62909024498373   35.377892959035805   1348.9807966186993 
  2387.0   780.0987137571843   1833.1021671963847   4.907100770047222   443.77624771090376   35.38885091256288   1349.029967336398 
  2388.0   779.8043981476912   1832.9166132328303   4.8520209626018636   443.6047442125045   35.38991165523937   1349.0699366748297 
  2389.0   780.0406443500926   1832.7192474394756   4.881362331792652   443.38152884719267   35.37500329249128   1349.0813532044801 
  2390.0   779.9109910528031   1832.388451779604   4.8639542289263105   443.0752823051658   35.36062721001454   1349.0885880008323 
  2391.0   779.8839535522146   1832.2187468211469   4.878321411975889   442.8918242802109   35.35191212303373   1349.096689104175 
  2392.0   779.9609701904743   1832.3302818091865   4.941237568212908   442.9532754078791   35.34173161979196   1349.094037889668 
  2393.0   779.8932856436775   1832.6221958722288   4.93358411486348   443.224341411666   35.35127081713202   1349.1130010334439 
  2394.0   779.2232076835143   1830.9178723743582   4.785050024952626   441.770206024292   35.30522040840979   1349.0573951311057 
  2395.0   779.1967481352997   1830.7639463058829   4.991194063285455   441.55536413944185   35.25681819494626   1348.9605694992272 
  2396.0   779.4213015123352   1832.9041443937099   5.009784366863153   443.5239818801359   35.33751851062235   1349.0328607509816 
  2397.0   780.2275362133316   1834.1671659506521   4.915955244398694   444.73707789693617   35.40694897984323   1349.1071856036501 
  2398.0   780.1148510199159   1833.884140130512   4.872276980520528   444.4205701707541   35.41924772587408   1349.1720450950907 
  2399.0   780.8136684176372   1834.15551078801   5.029064633666949   444.47870516845813   35.425533854215395   1349.2222077169927 
  2400.0   780.2794713757019   1834.5811282354302   4.9043668541538645   444.8770102071791   35.46880482740955   1349.3309451166435 
  2401.0   780.1126183882936   1833.7576159070823   4.912499200639931   444.06569427392935   35.43658672339098   1349.3428349853104 
  2402.0   779.6227600608862   1832.9620130279654   4.840257333366229   443.36219506320754   35.4081209553534   1349.3514392985358 
  2403.0   780.0521386418211   1833.0845167477928   4.9338665697570985   443.40589820794713   35.39064665201683   1349.3541043592859 
  2404.0   779.3301883301897   1831.6301833758735   4.84872420069028   442.146035524446   35.342029826244485   1349.2933924706708 
  2405.0   780.1002711802143   1830.2367135649097   4.827119083943927   440.9337566844264   35.2792933942913   1349.1965452318211 
  2406.0   779.7312108254577   1829.766278161573   4.876915616243411   440.5383127682065   35.2381327814871   1349.112917912697 
  2407.0   779.4583219898147   1831.530257235058   5.005970495832855   442.1476251717755   35.27222655586814   1349.1044352421973 
  2408.0   779.1503161834249   1832.7470511725594   4.9696953061041995   443.29822676670017   35.32543446900888   1349.1536965520702 
  2409.0   778.810598595955   1833.6157859580746   4.935462683672317   444.0742374603539   35.374296323638795   1349.2317890479337 
  2410.0   778.1068466941606   1832.1436036116509   4.788901879943346   442.7897594643274   35.34537867795681   1349.2195626269117 
  2411.0   777.9657306718088   1832.8041767129644   5.036148689376475   443.2321420374092   35.334442188257455   1349.2014433417612 
  2412.0   777.8324544415715   1833.5328434358155   4.952109756865582   443.9286037053125   35.3818527500087   1349.2702777360857 
  2413.0   777.698413381568   1833.4848090454577   4.877550610758582   443.88253377203785   35.40066619040011   1349.3240570845576 
  2414.0   777.8688379404747   1833.2270099919297   4.866483337015075   443.6292782983739   35.38979765317737   1349.341452205253 
  2415.0   777.9542845380216   1833.3153416033535   4.919478241922159   443.64703913945135   35.38464245452645   1349.364182309369 
  2416.0   777.8264003829418   1833.5507130545336   4.892676338952388   443.8426193459536   35.39839706239695   1349.41701954429 
  2417.0   778.1184507782028   1833.1655775762265   4.8893043007299015   443.43780848916214   35.3906306051246   1349.4478350429513 
  2418.0   776.9365154875302   1833.2718641873785   4.88101559272867   443.4901110073298   35.39964950510292   1349.501088779195 
  2419.0   775.7936043320813   1832.237470709873   4.82777410269369   442.5824161361659   35.35481742301686   1349.4724637141542 
  2420.0   775.2085391721689   1832.4500561094292   4.923820041667579   442.74073928567776   35.33399943721433   1349.451497876691 
  2421.0   775.1581575760405   1832.7508360737647   4.867902267838194   443.05745883940426   35.349646752061865   1349.475828421953 
  2422.0   775.3321008881654   1833.610016198111   4.9007365195427335   443.78337435763683   35.38213211870394   1349.543772194464 
  2423.0   774.40621448653   1833.352594074919   4.830657145793584   443.52248680324243   35.394961784534516   1349.6044866008158 
  2424.0   773.7156720676238   1832.3043625575126   4.782195391512821   442.5610378382625   35.35876789275273   1349.6023628780363 
  2425.0   773.2395365547161   1831.610505354259   4.8235474290714935   441.8893983499825   35.320252694916384   1349.5773067330424 
  2426.0   773.1752274323746   1831.1781895906665   4.933561756174734   441.436348771052   35.27975954670431   1349.5285196694897 
  2427.0   773.9779049068921   1832.653547656726   5.016975609713888   442.7439209855018   35.31852202801347   1349.574127955244 
  2428.0   774.2977085950276   1832.3912714429673   4.822230684547468   442.5822379271724   35.34711100069206   1349.6396909900618 
  2429.0   775.1731759516679   1831.9892283483375   4.920833410301694   442.09209501608444   35.329315858601255   1349.6469829146827 
  2430.0   775.1249617018102   1832.3025424013113   4.879134338816127   442.3850272179088   35.34391757122858   1349.6944630067733 
  2431.0   774.9759897204646   1832.8584677022648   5.009280232563659   442.7748374237873   35.346759878945576   1349.7275906946998 
  2432.0   775.1379079916074   1832.838997606022   4.89509175515627   442.79780762986275   35.36141959735608   1349.7846783582595 
  2433.0   775.4121918705242   1832.9234051766928   4.90620705360749   442.8256708278003   35.36171062217285   1349.8298168735198 
  2434.0   775.4751853031297   1832.730639154714   4.880075175329621   442.613454711999   35.36113002707349   1349.8759808242764 
  2435.0   776.0060889471108   1831.8845966611073   4.854760770164834   441.81210809720875   35.334210243150444   1349.8835188684511 
  2436.0   776.2995308341632   1831.8024829289827   4.973271553442827   441.64353878947145   35.311530763696275   1349.8741417307308 
  2437.0   776.504785274998   1831.460986856631   4.853381502476563   441.4123699763291   35.30948689096751   1349.8857481667796 
  2438.0   776.9421160643423   1830.6822658859946   4.87345792527907   440.71664370360065   35.26360992239538   1349.8285547817302 
  2439.0   777.6160414691266   1831.0985286107755   4.954854925259606   441.07881203986534   35.260166383555855   1349.804694255214 
  2440.0   777.8731722881757   1831.8467755108995   4.93325292362859   441.7802141168292   35.29440964351205   1349.8388990297835 
  2441.0   777.7331090865896   1832.0728257565743   4.94136438077772   441.9840823034854   35.29936091214812   1349.8480175295115 
  2442.0   777.2462615933672   1831.2468988459395   4.812268833086789   441.32729806195   35.278586249575255   1349.8287454979652 
  2443.0   776.9971147215794   1830.1211472216612   4.838262641297498   440.3103640761858   35.22510723107973   1349.7474151011659 
  2444.0   777.6805793041501   1830.1295714242788   4.915474394839023   440.3372306948382   35.20208611209281   1349.6747799304635 
  2445.0   777.9131669887681   1830.3037944477624   4.8524853277252555   440.59973751687994   35.210818100990274   1349.64075248183 
  2446.0   777.7525991097779   1830.552716688036   4.930274701236262   440.8315670931428   35.20199526303258   1349.5888790101492 
  2447.0   777.6934108057005   1830.5921759375321   4.868101721299165   440.928079416477   35.217965602521076   1349.5780284778066 
  2448.0   777.3314990188528   1830.4207778915868   4.902210048761562   440.7924972268859   35.20289711154538   1349.5231733156456 
  2449.0   776.886787290763   1829.9765297212932   4.826002831192892   440.49119226955895   35.19265882404024   1349.4666769074977 
  2450.0   776.2277655035844   1828.6110698075129   4.7704955602698895   439.3497843362542   35.1411389305908   1349.349651696438 
  2451.0   776.2795884315116   1830.6037780316626   4.845183240117264   441.12147424879817   35.21624506174575   1349.420875812865 
  2452.0   776.864630831758   1830.3367832420245   4.896180378506293   440.85700753285334   35.20487643173167   1349.3787186802358 
  2453.0   776.8575955202438   1830.5593211641672   4.900916774389742   441.09398516192243   35.21249419190439   1349.3519257353046 
  2454.0   776.6438402670396   1829.751104591711   4.849075739972791   440.417814661101   35.19162103437274   1349.2925927806016 
  2455.0   777.1847480289363   1830.4644934268747   5.030566582862443   440.9895367818631   35.1957530794514   1349.24863726855 
  2456.0   777.3249137710264   1831.1281864726961   4.868989926906502   441.7132792347763   35.25390334826344   1349.2920141186567 
  2457.0   777.0020072861596   1830.9892703208236   4.898732912171029   441.5636426675617   35.25114793078054   1349.2757467042572 
  2458.0   776.3997045903575   1831.231022587163   4.903524593517844   441.7921972597569   35.25973116223682   1349.2755701179717 
  2459.0   776.6741443936244   1831.599244970688   4.871125357931496   442.14327708480477   35.28101763334183   1349.3038258489862 
  2460.0   777.3074192140855   1832.4579211898536   4.916546917319581   442.82724066949567   35.32815884061853   1349.385976471727 
  2461.0   777.6732066625281   1832.55076645148   4.969668625025   442.8375609350465   35.329541627816546   1349.413994744797 
  2462.0   778.1923633616749   1833.9022294832162   4.964479235281   444.0393374530703   35.38310739391943   1349.5153052198561 
  2463.0   778.0620628317903   1834.8124044340946   4.931695851664343   444.81226907807746   35.43053686331872   1349.6379017927466 
  2464.0   777.9108058329776   1834.9935270907097   4.936060194418219   444.88846897402357   35.442077711977404   1349.7269209013805 
  2465.0   777.540311109167   1834.4300546416262   4.8586410133087   444.3333857079084   35.43618193141204   1349.8018466424444 
  2466.0   777.1232729354733   1834.3515029355474   4.888339466173932   444.16952168762936   35.42793854522384   1349.8657032439485 
  2467.0   777.0485358669164   1834.5531375543485   4.968631536342317   444.2414476171861   35.42123169923725   1349.921828078249 
  2468.0   776.6340192571895   1834.843490062842   4.92853678083018   444.47958925596413   35.435261685011426   1350.0001022317042 
  2469.0   776.4943576512538   1834.2348728236748   4.908503823449475   443.88373547137024   35.4122472162559   1350.0303874673016 
  2470.0   776.2634749686516   1833.864269457202   4.906382598300965   443.52405254827585   35.38902617652187   1350.0448078699806 
  2471.0   776.6881501957662   1834.205440734687   4.931809455415438   443.80273272400444   35.391815294978244   1350.0790838739329 
  2472.0   777.029338377781   1834.7265871685192   4.919913920086239   444.24786372177454   35.41548214191603   1350.1433278212603 
  2473.0   777.6580283548219   1834.605207443745   4.874714555939314   444.1153210132644   35.41880995435277   1350.1963600662393 
  2474.0   778.289480101738   1834.972684397909   4.9752120805000235   444.33200303252084   35.42112705153496   1350.2443414090365 
  2475.0   778.6304818362578   1836.506967021221   5.036202605808776   445.64090754874394   35.47225666415357   1350.3575988845282 
  2476.0   778.0906150977305   1836.5370229236305   4.846713076678701   445.7073107877263   35.50744260719519   1350.4755569826195 
  2477.0   777.4701711924124   1835.7531735414293   4.865796684858408   444.90098198215   35.475992557415246   1350.5104023548188 
  2478.0   777.3227782200036   1835.349938178163   4.903004304918937   444.456736638753   35.448975316324315   1350.541222004088 
  2479.0   777.0590771111313   1835.0978135145572   4.867752499506268   444.2232334682428   35.43418710464533   1350.5726409568613 
  2480.0   776.7745098222208   1835.2390174307782   4.920434237713439   444.308163454452   35.420283017491265   1350.590138693222 
  2481.0   776.0764713056245   1835.071255443114   4.828218381967293   444.1705676196796   35.428307453204404   1350.6441634828502 
  2482.0   774.901026923194   1833.60536518079   4.77791164430341   442.8517959417717   35.369696748142296   1350.6059599385346 
  2483.0   774.5723465102088   1833.8072097792942   4.935343529613918   442.9674174103126   35.33705327287821   1350.5673956531825 
  2484.0   775.2760770421203   1834.2469068609894   4.913569797161191   443.3474269433038   35.369300575486   1350.6166101567744 
  2485.0   775.780138194809   1834.2185610469687   4.92678886741797   443.29072623744815   35.37005500579275   1350.6309902189448 
  2486.0   776.2372948132066   1835.0761533012314   4.965298750755102   444.03307411174717   35.39610432805057   1350.68167541549 
