 year   CV   CS   DPM   RPM   BIO   HUM
  2045.0   844.9441671271709   1828.749489115767   4.702466810832603   455.52930947513323   35.95898571370148   1332.558727602306 
  2046.0   845.7996475662219   1828.2890731647444   4.857518049387029   454.8042918884003   35.90255042701014   1332.7247136404508 
  2047.0   846.8537213551679   1827.3789435922556   4.786520255718645   453.8551058227642   35.85796644495413   1332.8793516402093 
  2048.0   847.4791761113852   1827.3481277972526   4.828611614313984   453.68621438958866   35.824006851973955   1333.0092945237454 
  2049.0   847.9606693186132   1828.2853548072037   4.846595841115865   454.39229319893616   35.84141006028699   1333.2050554789732 
  2050.0   849.1078840789183   1828.5723719417629   4.8607959374910505   454.48076380610524   35.84364728843296   1333.3871649126613 
  2051.0   850.0583424178635   1828.8174229509223   4.860113330211947   454.54331146725536   35.84653175099516   1333.5674668544743 
  2052.0   851.2188792638381   1829.2443622773205   4.858316457521396   454.7795197893829   35.850355959891   1333.7561706476104 
  2053.0   851.444226061757   1829.9453077812525   4.78963560348177   455.2796396783394   35.88235889289554   1333.9936734418343 
  2054.0   851.4023296159731   1828.9816134931345   4.782759394457972   454.2113934316206   35.841379906691515   1334.146080955858 
  2055.0   851.3373170733894   1828.428456911257   4.749205318999355   453.58874081698923   35.808721863213954   1334.2817889728506 
  2056.0   851.6008847422712   1827.5912068017858   4.725802771667886   452.7109354190268   35.76905645879933   1334.385412096192 
  2057.0   851.863931778881   1826.3657453548465   4.762070691613424   451.4897146867628   35.697766800731145   1334.4161932648663 
  2058.0   852.2457887391033   1825.5185654434763   4.823540490564555   450.6484554131698   35.63764663105997   1334.4089239591588 
  2059.0   852.9919785775147   1826.3589893511878   4.886961097638218   451.36328702607676   35.64421679900156   1334.4645254703262 
  2060.0   852.8117429403252   1826.1392396900455   4.729559447551424   451.22671028575485   35.65259230701646   1334.5303774222125 
  2061.0   852.6365519863532   1825.3780679584706   4.739670391223179   450.49926962449666   35.6101000623684   1334.5290284928435 
  2062.0   853.272730036878   1825.917839673893   4.874949030040693   450.90031625136254   35.60050079352611   1334.5420726874954 
  2063.0   853.4588629262282   1826.9093120408718   4.861185940672846   451.7746204346827   35.63912155696796   1334.6343842397046 
  2064.0   854.2195743552553   1827.944816399087   4.893110684393538   452.6393945977172   35.67436842094849   1334.7379425538631 
  2065.0   854.4003448626091   1828.4589766402225   4.8447428895095745   453.04292301718726   35.70822708364526   1334.863083694286 
  2066.0   853.5128722801527   1827.7465990335686   4.729364956247505   452.3863170401185   35.69434327882812   1334.9365737683495 
  2067.0   852.5934663292676   1826.8884266998587   4.7322092558576525   451.56062908235685   35.64447350364935   1334.9511146704433 
  2068.0   851.8324044373389   1826.1831571986688   4.7360420500778515   450.8943031865856   35.60276769452124   1334.9500446450495 
  2069.0   852.2970893764657   1826.2796428612721   4.8434675082102965   450.8770668752282   35.59317016452125   1334.9659386718768 
  2070.0   853.1495270924399   1827.2098798776738   4.817148643014855   451.7183100560244   35.63252577369628   1335.0418959835438 
  2071.0   852.3770647527326   1825.4026263367641   4.639626943235414   450.1446148309634   35.587792527610965   1335.0305921084487 
  2072.0   852.3664168872074   1824.9973167815226   4.854791535853797   449.6677288889743   35.525647722299475   1334.9491503614286 
  2073.0   853.3011730814826   1826.9375139640588   4.954494842307231   451.39574497296576   35.58189915692999   1335.005376327505 
  2074.0   853.055354842023   1827.8976285378035   4.776884250089303   452.34644690910534   35.649572223791914   1335.1247239215782 
  2075.0   852.4011893657944   1827.1202511807924   4.742812413711803   451.6132376289189   35.62271592000715   1335.1414852225619 
  2076.0   853.0372726207347   1828.23119448167   4.9117408687006465   452.47964628861456   35.64045771948679   1335.1993496354685 
  2077.0   853.4115241121957   1829.6006503944027   4.846410755094891   453.68869184944884   35.70889488651399   1335.3566532187583 
  2078.0   852.9511209162115   1828.676371265824   4.708652943260682   452.810202637104   35.703468163085134   1335.4540476859895 
  2079.0   852.9430214217002   1828.3604545800754   4.825513982102291   452.35049039858643   35.67523500103808   1335.509215637029 
  2080.0   853.6517921497286   1829.7320828014692   4.9087490397234115   453.469305953113   35.712438364217554   1335.641589481595 
  2081.0   853.2181582836859   1829.208263888044   4.7423215028184895   452.98669672339173   35.72096401520642   1335.7582812308692 
  2082.0   853.5033973397831   1829.8311772498323   4.889900039011876   453.37725413245   35.71908398270631   1335.844939560775 
  2083.0   853.6357487632491   1830.2410616164016   4.781094480494925   453.7254689290025   35.75073905680822   1335.9837585922248 
  2084.0   853.3335932624582   1828.9671961951794   4.697784442346046   452.51071915195695   35.71287687665511   1336.0458154842636 
  2085.0   853.776492800076   1829.5365797278264   4.917031205541689   452.82275114065516   35.69697520806169   1336.0998242640514 
  2086.0   854.625194808432   1830.575733785613   4.818207812466024   453.73388297934554   35.757165743371466   1336.2664771619523 
  2087.0   854.2700831340691   1828.8415897472325   4.627392144288605   452.13926805624317   35.72538259281228   1336.3495456040212 
  2088.0   854.8063232078432   1828.3381349133326   4.865705330059398   451.46632179803424   35.660641056176466   1336.3454665746574 
  2089.0   855.4260017252025   1829.9729539512361   4.859205267136729   452.9179521194785   35.71360459067715   1336.482192205381 
  2090.0   855.1564811026799   1829.5252500873628   4.736546286962554   452.4820382497249   35.71446479555266   1336.5921993651864 
  2091.0   855.4496170353473   1829.6424843733394   4.877092991636382   452.3998397285505   35.698266468224084   1336.667284348236 
  2092.0   854.8714371722955   1829.2559067143106   4.723840011448607   452.07948364826524   35.69657434159849   1336.7560079195266 
  2093.0   854.6078978867441   1828.59495819966   4.77960778817218   451.37484519646   35.654529123425995   1336.7859752495424 
  2094.0   854.1326661652984   1826.8311718152324   4.715735830536572   449.7767150616425   35.58327740033582   1336.755443405973 
  2095.0   855.5824004903989   1827.8607168223252   4.941004612249371   450.59913397510525   35.57240120039171   1336.748176997342 
  2096.0   856.3682063969161   1829.4754471339836   4.807058946414593   452.1359989042116   35.651561340958075   1336.8808284706968 
  2097.0   856.1612010718956   1828.8068257088669   4.697494938206899   451.5202349425736   35.64624190882356   1336.9428531277142 
  2098.0   856.3465710899477   1828.4055640311929   4.852157380937996   451.0051124419957   35.6080850923048   1336.9402098068576 
  2099.0   856.5029305160818   1829.8222929347683   4.875371683109371   452.23494332001593   35.65731834996015   1337.054660826519 
  2100.0   856.136148531685   1830.5531743420609   4.80951660203039   452.84282889929113   35.70315918354811   1337.1976699877825 
  2101.0   855.7169948962991   1830.596640145081   4.771554925257038   452.81379406504345   35.7076465625569   1337.3036457433727 
  2102.0   854.6114434148313   1829.0193769356135   4.601929203502129   451.39039615875697   35.6679925066088   1337.3590583707216 
  2103.0   853.8089401992319   1827.3441956728768   4.703331818656394   449.7831654715443   35.56792174615082   1337.2897755991835 
  2104.0   853.8176893289733   1827.0415894569471   4.7305874629034985   449.50692263831394   35.53380752124875   1337.2702725653628 
  2105.0   853.1763930601165   1825.791957155569   4.640231747216092   448.42692941667474   35.490931106767015   1337.2338644692816 
  2106.0   853.026719397101   1825.3614503069225   4.816656182423285   447.97248002439125   35.43355435183964   1337.1387593516806 
  2107.0   853.3757568813337   1826.587808089929   4.824500246384736   449.12975660194513   35.47264865763356   1337.1609023230435 
  2108.0   853.37052676568   1826.2880752839114   4.740217323761573   448.90421269618975   35.476930559745846   1337.1667139051267 
  2109.0   853.8412248082548   1826.5846622629192   4.854427866272996   449.0991618542698   35.47478071806523   1337.1562917460585 
  2110.0   853.4028683579385   1827.7257756455533   4.792133216291707   450.17918024155944   35.52435134928304   1337.230111458651 
  2111.0   852.3668507281465   1827.5750434085671   4.714808001638114   450.0559956856823   35.530282645813045   1337.2739548726443 
  2112.0   851.6265198877326   1825.9107826942022   4.695783749686101   448.5420033416427   35.46599691505276   1337.2069987725502 
  2113.0   851.4106258726496   1826.1732117106876   4.86283848006064   448.6977384224711   35.448179571791925   1337.1644560435645 
  2114.0   851.6128647983809   1827.028720399579   4.830052464871962   449.51128082756065   35.48394350465618   1337.2034444810836 
  2115.0   852.5292524822122   1828.3684024059062   4.869381795473581   450.6808789121742   35.53665711049827   1337.2814824935722 
  2116.0   852.563255321807   1828.8906103921347   4.748664101787157   451.1489551342529   35.59021178953019   1337.4027799393816 
  2117.0   852.3377761491007   1828.7045039084549   4.806524436360988   450.85319829823834   35.58438161381222   1337.4604007008431 
  2118.0   852.1152803518269   1828.8093427439303   4.766810735467558   450.90756416647235   35.594444878665726   1337.5405227410072 
  2119.0   851.2887508658486   1826.6239527488658   4.652517431971194   448.9492972696845   35.51714072212291   1337.504998681113 
  2120.0   851.7876626972717   1826.910650983834   4.870075786495122   449.10776568256364   35.476031625666124   1337.456775691444 
  2121.0   852.5825650922646   1828.5679519990322   4.843916061082257   450.6083880586332   35.54553949996481   1337.5701084992584 
  2122.0   852.9283249433281   1828.6936270946744   4.83144095660489   450.6642194366873   35.559015588281845   1337.6389511926504 
  2123.0   852.955275283687   1828.2129606230142   4.764033830005933   450.2168323061165   35.54999173601549   1337.6821026556436 
  2124.0   854.1170887673815   1829.5552063442647   4.912631163466046   451.28158800568775   35.58224118518331   1337.7787462352487 
  2125.0   854.0616899494752   1829.9765135702282   4.757444505268156   451.6616949980847   35.62944247604389   1337.927931760147 
  2126.0   853.0369853066209   1828.7867970672332   4.711162196997038   450.5333400775178   35.58284110743318   1337.959455133851 
  2127.0   853.9121819118371   1829.7201782804948   4.901926759335302   451.2210731581417   35.57871920923626   1338.0184582471752 
  2128.0   854.2159297406009   1830.3229317438343   4.820650899681599   451.73189690663867   35.61799649993494   1338.1523885350941 
  2129.0   854.136744402831   1829.8867493949165   4.764082584503384   451.26938733048115   35.61177909745376   1338.2414997679123 
  2130.0   853.6661255390287   1827.8609685704319   4.650836408682686   449.43374053341864   35.542205495640324   1338.2341870701277 
  2131.0   853.9695535281172   1827.5296476741855   4.786261740995276   449.0435464107548   35.49272880986587   1338.2071121687597 
  2132.0   854.6783740102804   1828.0728300728877   4.863180240414196   449.49922163596625   35.48994338924355   1338.2204851001056 
  2133.0   854.5892535229524   1828.2638161172454   4.764436468322897   449.7294643440142   35.50476547937952   1338.2651492930818 
  2134.0   853.8027731456449   1827.1086568791386   4.741025739765772   448.69090652639824   35.456474478305   1338.2202508908651 
  2135.0   853.6790064919318   1826.6321371173835   4.807168071866523   448.280252192039   35.40894765898217   1338.1357686233146 
  2136.0   854.360758060137   1827.6377862189754   4.812721497820296   449.2302043447204   35.44092708037858   1338.1539333025862 
  2137.0   853.9028061178248   1827.9016061127754   4.780458189038467   449.46774779380087   35.46639392363271   1338.1870071109763 
  2138.0   854.2156098248321   1828.8221382115341   4.90207367183565   450.20323780526905   35.48898250767409   1338.2278439617526 
  2139.0   854.3633242954496   1829.7131273331916   4.821123999224169   451.0176536767394   35.544591280039214   1338.3297598869153 
  2140.0   854.5076405237023   1829.757451975234   4.804582217757862   450.9889883159345   35.55866571039655   1338.4052158188472 
  2141.0   854.1329264847978   1829.5892449101214   4.762154535805591   450.8006171698441   35.562901354836626   1338.4635727411837 
  2142.0   853.5541977135529   1828.8979446155304   4.800588141723939   450.11717204627394   35.52663286594525   1338.4535506591503 
  2143.0   854.0552206110876   1830.4387906883637   4.924238213406145   451.4139226989853   35.5662587377367   1338.53437043077 
  2144.0   854.0616872907359   1831.3394772173342   4.813732052218562   452.20220687464365   35.63058726473292   1338.6929496454256 
  2145.0   854.4914886945535   1831.378432861023   4.811207039481351   452.1525632061851   35.63360817423363   1338.781054490208 
  2146.0   854.8789095283314   1830.6333491202492   4.783088621339608   451.40439725143693   35.61150254828596   1338.8343593895156 
  2147.0   855.4409828078248   1831.593460403817   4.874655124737157   452.1573924753945   35.63103016923199   1338.9303837054597 
  2148.0   855.0093917881826   1830.4347363260235   4.6460893092442   451.1528894983087   35.62220097622356   1339.0135572665765 
  2149.0   855.3566040120303   1829.8416629212031   4.866116647236047   450.44349363646023   35.55480337035104   1338.9772477205859 
  2150.0   856.1361855382798   1830.9468815366713   4.859489452775928   451.4359270226687   35.59116886888424   1339.0602952405732 
  2151.0   855.5879465595702   1830.6379252209233   4.724977906994256   451.1686696858348   35.60373781057069   1339.1405394237993 
  2152.0   855.3163145890176   1830.1255687081832   4.760642809113435   450.64541821528985   35.56918638622195   1339.1503232435 
  2153.0   855.3337905585331   1830.6833863526765   4.845372266142687   451.0761166049454   35.56722991601657   1339.1946690732739 
  2154.0   855.2218507687298   1830.928066179672   4.765966271187119   451.2845003476234   35.59107406431818   1339.2865252998922 
  2155.0   854.5829810230501   1829.486306068171   4.687488500547003   449.97072118193586   35.54281493726567   1339.2852820385096 
  2156.0   854.6072667806135   1829.1461885326778   4.804184553269408   449.58208689200353   35.501680819835   1339.258237093214 
  2157.0   854.157811247916   1829.0803906167398   4.779416934683633   449.5691233995676   35.486238533692145   1339.2456118012415 
  2158.0   854.1981493246026   1830.4639335023714   4.879041441406021   450.7644270573233   35.521456086123536   1339.2990085816705 
  2159.0   852.9921941150503   1829.3528536930066   4.6485212887732485   449.8599410351863   35.51538974420846   1339.3290017517497 
  2160.0   852.6707350977275   1828.9291642439955   4.792557223807267   449.38456475581575   35.467232806176895   1339.2848097416952 
  2161.0   853.0296209554898   1829.4881514679557   4.776185055052629   449.88916098778475   35.49449334686515   1339.3283136296175 
  2162.0   852.625236222691   1827.9292755685744   4.669012704433322   448.49320803387684   35.45910224057138   1339.30795337475 
  2163.0   852.8127435853521   1827.3621429675213   4.780501354625649   447.9212177032675   35.4179629231723   1339.2424617478973 
  2164.0   852.4725156214577   1828.3512462685333   4.844448776936031   448.83440644212294   35.43448090260409   1339.2379109068304 
  2165.0   852.0189832817026   1827.2638600080222   4.655687584834674   447.9703031404431   35.421546484165106   1339.2163242608535 
  2166.0   852.0000360217382   1827.001903134882   4.8145467114431115   447.68642839698714   35.37624370195784   1339.1246856468392 
  2167.0   851.7750744203134   1827.7875062290823   4.794940814786974   448.46762905823687   35.40370956425139   1339.1212268472204 
  2168.0   851.871311721934   1827.7002582234334   4.737466948505247   448.4467650053121   35.41219720583501   1339.1038279594848 
  2169.0   852.9006399258074   1828.1705278666718   4.860452201852736   448.81145714666155   35.417272545492665   1339.0813466655593 
  2170.0   853.0306017725039   1829.1994380591448   4.794159566729992   449.76853511312964   35.47760113500659   1339.1591420407221 
  2171.0   852.9331769990623   1829.2516766699152   4.785114079003871   449.764096535691   35.49135163834715   1339.211113585176 
  2172.0   853.2940037929928   1829.9371836637827   4.866869252153943   450.27616296614826   35.514412111371826   1339.2797392403563 
  2173.0   853.2308663093692   1829.8519578117955   4.741171856546776   450.2074482563024   35.53693791982255   1339.3664001506475 
  2174.0   853.1392703280935   1828.7625089358783   4.686072611613146   449.2057784749574   35.495759787074185   1339.3748977694675 
  2175.0   852.6997401138628   1827.6499037232609   4.730556654863481   448.16526056110956   35.42997418915789   1339.324112710722 
  2176.0   852.4748620217331   1827.5518479335685   4.754240924902698   448.0986255926351   35.40387813546028   1339.2951046133794 
  2177.0   853.2320880832807   1827.5722152546991   4.7653084835539055   448.1019922871116   35.40432034122086   1339.300594820657 
  2178.0   853.9984193978788   1827.858342973718   4.853992209121351   448.29335560559707   35.406141137198574   1339.3048533780238 
  2179.0   854.9447023188897   1829.2071137231571   4.862014204468297   449.4836772860217   35.460318626567606   1339.4011038663607 
  2180.0   855.4791608824148   1829.4502005500742   4.811266228821572   449.6674651536617   35.49013721907632   1339.4813318814518 
  2181.0   855.4611600251378   1829.4825808434693   4.79970316706139   449.64394871774374   35.496553624863004   1339.5423733846317 
  2182.0   855.1195942653451   1829.4502717583232   4.758272481620252   449.61548336446293   35.49043911399103   1339.5860767530894 
  2183.0   854.3115964694658   1829.1356898658473   4.686116655059738   449.3547329133512   35.47606087586608   1339.6187789658113 
  2184.0   854.5806858204288   1829.446326126385   4.802036372947331   449.5141923280136   35.470070336650984   1339.6600277303237 
  2185.0   854.1396901326068   1828.7599877495918   4.686683826153177   448.8934819096798   35.4654045176011   1339.714417690924 
  2186.0   853.8198282854208   1828.0948718813347   4.750354677768134   448.2203276091276   35.42436236200964   1339.6998257352852 
  2187.0   854.0968083993554   1828.250676308014   4.800745829230877   448.3388438869086   35.41185751387281   1339.699228219072 
  2188.0   854.5088748423441   1828.306241143879   4.776763556152349   448.3742641378507   35.42155712905072   1339.733657420008 
  2189.0   854.553067428454   1827.2770503705049   4.735653400210796   447.4532805269516   35.385339974623065   1339.7027769845436 
  2190.0   854.7508219642407   1826.8502821939503   4.805850536923436   447.05678401323615   35.35109941406791   1339.6365488914437 
  2191.0   855.0847813795624   1829.3149553620617   4.971518015639352   449.2303537377623   35.416493063372464   1339.6965905083912 
  2192.0   855.0581407169071   1830.2040030081644   4.753370128517854   450.11154872685404   35.498898677622186   1339.840186561216 
  2193.0   854.8770896380777   1829.0236232896536   4.712369448699026   448.975040018976   35.46919575121928   1339.8670197958227 
  2194.0   854.516659431465   1829.0394372386195   4.789164096462319   448.9224701752337   35.44632965768808   1339.8814737690432 
  2195.0   853.7718543194312   1829.1605307365996   4.733964965241258   449.0449016740132   35.45349501558408   1339.9281684548253 
  2196.0   852.9024148199231   1829.1968679649776   4.75284318407667   449.03714480255036   35.444296063853365   1339.9625833484183 
  2197.0   853.2535675641948   1829.7068837855982   4.775906250284695   449.4266957536921   35.4639493485984   1340.0403326787916 
  2198.0   852.8789639871902   1829.0761532965405   4.660681953768767   448.82910247439673   35.46750967901924   1340.1188607304675 
  2199.0   852.3066791750226   1827.7225021577242   4.75362873928481   447.49786534745124   35.394410312436605   1340.0765987723594 
  2200.0   852.038955903825   1828.0722307532128   4.776478203913938   447.78959303007525   35.395846827361176   1340.1103132754465 
  2201.0   851.4091430084592   1827.2960078607039   4.688481870993732   447.13822976175476   35.36615847369996   1340.1031382513236 
  2202.0   852.0954657747101   1827.5068458210874   4.809314469670107   447.2742940901287   35.34336782115782   1340.0798693038955 
  2203.0   852.9593702313794   1828.4142211837768   4.82520027825457   448.0756958913476   35.37686581036794   1340.1364592199052 
  2204.0   854.0901406751175   1830.3062374873616   4.816994279366744   449.71980971660497   35.466227768279275   1340.3032047795155 
  2205.0   853.1747565313616   1829.4688808066849   4.6512430393926305   448.96353289259685   35.46464075378569   1340.389465061959 
  2206.0   853.9449797649694   1829.4818625651353   4.80248743038226   448.81569087231077   35.44303679982344   1340.4206485666057 
  2207.0   853.648971328077   1829.651261717207   4.8042650635270725   448.91406133263564   35.44596914486129   1340.486964873947 
  2208.0   852.980658709572   1829.6550653564907   4.775979031523617   448.8862071697752   35.44448775123391   1340.5483902509459 
  2209.0   852.779632168602   1829.9578918817522   4.796853832988925   449.10897472877025   35.44521457696626   1340.6068482342923 
  2210.0   852.5405153592366   1829.5507177798656   4.745196670763294   448.7254394519828   35.433108523734006   1340.6469737295122 
  2211.0   852.1062924168672   1828.9111813795525   4.803559594572005   448.1020996762012   35.38877723073516   1340.616744997507 
  2212.0   852.644011342062   1829.9415728878962   4.8928488660697145   448.98541171100453   35.411193647313965   1340.652119804466 
  2213.0   852.1984072390879   1831.2307241345543   4.865601950615362   450.13915235576945   35.46834922063414   1340.7576191471749 
  2214.0   851.888801726519   1830.4255333734097   4.73072419401315   449.40927747357466   35.46849327836682   1340.81703932839 
  2215.0   852.814251696066   1830.3116612773626   4.94736891106786   449.12530627194025   35.435436695429786   1340.8035501669494 
  2216.0   853.4431800519407   1831.9452806075387   4.889393157589969   450.6119002967078   35.50972846458601   1340.9342579781985 
  2217.0   853.7183338861054   1832.6324687962585   4.816324577781998   451.1853553104157   35.558757900066475   1341.0720310499316 
  2218.0   854.317822663958   1832.0198945367345   4.81097029443296   450.53224858583667   35.5428890302343   1341.1337866393872 
  2219.0   854.2147434457863   1831.3851203906613   4.714121383683933   449.95178585156714   35.530693999449056   1341.1885192356676 
  2220.0   854.0537676018587   1829.1741887511125   4.654041394485794   447.9590287816984   35.44143465022537   1341.1196843906446 
  2221.0   854.9564893913382   1829.4455099945233   4.877544804803659   448.1126408221985   35.39991362095952   1341.0554113603248 
  2222.0   855.3517094815076   1831.4356380823826   4.883546702367555   449.94145318633537   35.46781290473368   1341.1428258423232 
  2223.0   855.4862315459483   1831.9346491007511   4.773594915126731   450.3932770579348   35.513817515924615   1341.2539592269277 
  2224.0   855.4976716118484   1831.0590500879991   4.750399802857436   449.5181046272219   35.493515084886724   1341.2970300802954 
  2225.0   856.1833143711187   1831.3217519319421   4.903468306467223   449.5969511929785   35.48841147578018   1341.3329211422413 
  2226.0   856.273286642689   1831.5500614563139   4.776665732676823   449.8284574663326   35.51945461215533   1341.4254834690803 
  2227.0   856.175915164647   1831.2412138078864   4.748246451637746   449.5119424080149   35.50689780456723   1341.4741264169074 
  2228.0   856.1167982366741   1830.4249657103012   4.727764023785744   448.73854258216767   35.47426553558897   1341.4843932510926 
  2229.0   855.8048801120099   1830.9446029173262   4.906312089690133   449.0950430580668   35.455617163904314   1341.4876304869858 
  2230.0   855.3689927378977   1831.9211969851976   4.798220081952348   450.02641825942334   35.50626090886154   1341.590297952496 
  2231.0   854.9689945031706   1830.3845967263062   4.60994264689449   448.6841667343876   35.475822931142034   1341.6146638030452 
  2232.0   854.1031668925662   1829.6832032996083   4.7561697164656005   447.95722852580985   35.41255730785331   1341.5572469652648 
  2233.0   854.4885889298961   1830.6211569456293   4.818525242285203   448.78047311659435   35.429376158215284   1341.5927828504466 
  2234.0   855.0798026769853   1831.9034773656124   4.848510302686232   449.8926598226878   35.47701736778174   1341.685289465906 
  2235.0   854.3685528140431   1831.9453498219168   4.722164706780125   449.92737586032894   35.505762906853775   1341.7900446522233 
  2236.0   853.1494890031179   1830.634520044948   4.664568655870307   448.70485249650056   35.46275820509185   1341.8023410603041 
  2237.0   853.6578201313652   1831.2745672496799   4.848876909919187   449.1373936421817   35.45269308841032   1341.8356027387838 
  2238.0   853.6254574147463   1831.818619275539   4.790876881853227   449.58329797874694   35.49075746429152   1341.953686585032 
  2239.0   854.1583582879554   1831.4486514772007   4.832121702638211   449.23740831944696   35.46240315270383   1341.9167173021945 
  2240.0   854.2784380612187   1832.210205895598   4.856650918630286   449.86165241245357   35.48969710854204   1342.0022056414043 
  2241.0   853.8654435679753   1832.5668700170106   4.8091159880818   450.15422389750097   35.512257812925306   1342.0912719138917 
  2242.0   853.3629896782775   1831.620424496116   4.696798915728095   449.3209696609005   35.48574838418511   1342.1169088069184 
  2243.0   853.5325042085024   1831.9963472419465   4.840212076176395   449.55739945998374   35.468307062191506   1342.130428407832 
  2244.0   853.7563014727438   1831.7879398141247   4.746397748225574   449.3767988533658   35.47986541990928   1342.1848777923292 
  2245.0   853.8086984483076   1830.7376473518357   4.745615131242541   448.4035395749972   35.43172763690765   1342.1567651635087 
  2246.0   854.1124693312674   1831.8094078121633   4.906824034643293   449.2780167927068   35.442922566430596   1342.1816452091357 
  2247.0   854.5057278868267   1833.6372791505514   4.893480135880737   450.9069796034048   35.52057457243576   1342.3162456159923 
  2248.0   854.1393994974262   1833.2870016673182   4.719678906589877   450.60426704587695   35.54256305218307   1342.4204908611446 
  2249.0   854.9561727068856   1833.9385229518361   4.938410813770407   450.97031113818116   35.5443551471924   1342.4854463696138 
  2250.0   855.0980555151366   1835.9292016679337   4.892992884782553   452.71946089221717   35.63106121108242   1342.685686803599 
  2251.0   854.4758299126305   1835.4296956567948   4.7301841052930325   452.21346774117706   35.648159420892384   1342.8378843772075 
  2252.0   853.8683541892372   1834.3027913811482   4.763320914823196   451.04347883302177   35.59996189988197   1342.8960305962696 
  2253.0   853.9047589622835   1834.8922985148665   4.896114492348416   451.42338073619413   35.591725501786875   1342.9810782718607 
  2254.0   854.0505756322386   1835.8600324146475   4.858280814236019   452.2299423045705   35.63180738573279   1343.1400007142422 
  2255.0   853.5813411049595   1835.5602724455232   4.740010496451275   451.9097907601469   35.63797006933782   1343.2725015705105 
  2256.0   852.8263941784337   1834.904978822288   4.727642560161316   451.21356051527255   35.611036103994806   1343.3527404312226 
  2257.0   852.5186207023036   1833.9771909469657   4.748817803497091   450.29082483659886   35.559342783946185   1343.3782063882238 
  2258.0   852.0409940442898   1833.0968023958103   4.74276302321204   449.46377882424156   35.51172004172187   1343.37853985884 
  2259.0   851.8038358802498   1832.7969856022435   4.736730190311571   449.1965640029805   35.48264508576636   1343.3810463632599 
  2260.0   851.7775170234863   1832.4992672775022   4.78310353683633   448.8858624825976   35.4550952669592   1343.3752046578552 
  2261.0   851.5239130657042   1833.6326398356289   4.773979789958737   449.86948080411247   35.51170991985915   1343.4774707957627 
  2262.0   851.7094671572264   1833.8020664861099   4.849708202636033   449.9474691369388   35.50497675695096   1343.4999102892264 
  2263.0   851.5345471036899   1834.1970311557445   4.805693138734541   450.2925587662256   35.52742335433124   1343.571356595497 
  2264.0   851.6694993751538   1834.6233647732952   4.8049536136421285   450.6207215660617   35.54724703996265   1343.6504449842657 
  2265.0   850.0516582256339   1834.1320024352215   4.734864117647976   450.12971498681117   35.5422214213563   1343.7252030151146 
  2266.0   849.7183909973741   1833.0229592534838   4.772522976038626   449.05876822046406   35.48907566611322   1343.7025931175053 
  2267.0   850.5414399889285   1833.1788728954887   4.817703426740151   449.1817109955138   35.4763823703095   1343.7030765102388 
  2269.0   849.6968418407293   1832.6614296737002   4.688517384540511   448.7009128060227   35.47730134960354   1343.7946992259401 
  2270.0   851.0893760411057   1833.50079679319   4.854189846673758   449.31640811522556   35.48834902158087   1343.8418493127012 
  2271.0   851.2415503611759   1834.3339457340403   4.871575340934609   450.0235940227167   35.52035680353566   1343.9184184866797 
  2272.0   850.5221905378517   1835.1282068929966   4.8737774341715605   450.6852265825355   35.552732798516594   1344.0164685808359 
  2273.0   849.9140768002046   1834.5654139031674   4.758983515430344   450.1779626666067   35.54941027331778   1344.079057441621 
  2274.0   850.4142441452475   1834.3913882556835   4.882616671669926   449.88458962401126   35.524878866663194   1344.0993020355816 
  2275.0   851.1230552936775   1835.5143299462618   4.931463887195918   450.83667491827043   35.558418407111   1344.1877724919384 
  2276.0   851.6614677860443   1836.1074317040059   4.840798861457072   451.37979282438744   35.59292717626884   1344.2939129831072 
  2277.0   851.5468335830543   1836.188045002434   4.851838549705287   451.34680994991413   35.60226942290048   1344.387126547611 
  2278.0   851.8359919320726   1835.9061224563222   4.793239663687761   451.0458089535738   35.60128724302176   1344.465786153873 
  2279.0   852.2930911062853   1835.8808317076807   4.827937190979048   450.9440576637963   35.59087416735029   1344.5179626193615 
  2280.0   852.4630374736697   1836.955277727715   4.891532659011403   451.8074104291397   35.62185426266078   1344.6344800670788 
  2281.0   852.0934781802478   1836.7454173033148   4.7699486833648885   451.5688258394045   35.64018615320292   1344.7664560368953 
  2282.0   852.0446717300345   1836.0167274129763   4.786952124855329   450.8009958923095   35.60575156189266   1344.8230258499727 
  2283.0   852.2999932243019   1835.782395893611   4.766659071171022   450.54416074773843   35.58947642307868   1344.8821003623455 
  2284.0   852.6582824303897   1835.601822342487   4.819508327722442   450.29099934699116   35.56661496359908   1344.9246989653366 
  2285.0   852.8125746915779   1835.5515502031512   4.807595666657307   450.18858114528956   35.563627828081806   1344.9917452849324 
  2286.0   852.3548367749204   1835.4183516721362   4.8331238173450455   450.0117216014192   35.54662942013965   1345.0268781626703 
  2287.0   852.5972665470507   1834.8323171838445   4.7388109517965065   449.52538400246294   35.526912655044036   1345.041209911311 
  2288.0   853.411804127975   1834.8583677332408   4.838541107452553   449.49937280948643   35.500036300532905   1345.02041841548 
  2289.0   852.760956039108   1835.5767372157632   4.804562236488858   450.1613250653932   35.52920875461169   1345.081640533229 
  2290.0   852.5811858654962   1835.7396650599533   4.860551983576223   450.2241887482789   35.531356218112165   1345.1235684702576 
  2291.0   852.3410625691907   1836.4791130616106   4.829807776046156   450.85784003462936   35.56992532074967   1345.2215398841477 
  2292.0   851.7641236875727   1836.792604752317   4.811407293976797   451.07537830669827   35.590249722609364   1345.315567968753 
  2293.0   851.3051304592957   1836.3842621374167   4.788115771827917   450.64340934786554   35.577815410119996   1345.3749207022504 
  2294.0   851.1603691390937   1836.1576757470327   4.8095692171006155   450.35607643241804   35.56682500798262   1345.4252049309384 
  2295.0   851.3348525741126   1835.7357191239878   4.777967844103685   449.94015496120835   35.55617915453842   1345.4614188584706 
  2296.0   851.1828746542003   1835.307121855949   4.79772128805077   449.52911350818505   35.52650078116476   1345.453787652553 
  2297.0   850.9079244493383   1835.4004271102747   4.850341236200761   449.5827490900775   35.51242060191562   1345.4549177650385 
  2298.0   850.5484123667956   1835.838435389339   4.8241639195304895   450.00160474049216   35.52455721397958   1345.4881089806292 
  2299.0   850.771390202597   1837.4011010075428   4.9306220699758185   451.3085213821749   35.577455119406665   1345.5845020584966 
  2300.0   849.795159835482   1836.725290625397   4.701993960315724   450.74383969262936   35.598282024176655   1345.6811755452313 
  2301.0   849.0788643935476   1833.7129809929943   4.611632394512083   447.9909301789969   35.49670954011702   1345.613709214263 
  2302.0   849.9464213065996   1834.055031811941   4.9129637211073405   448.1382620049613   35.45031137458991   1345.5534952668688 
  2303.0   849.5869368336267   1834.0815856794509   4.734215189789551   448.2782239720908   35.47440063639797   1345.5947457830187 
  2304.0   849.2900545777659   1833.5637050085174   4.823510253608848   447.7422633155264   35.439466130522916   1345.5584667713072 
  2305.0   849.5683275913001   1834.021237492264   4.817556218785949   448.1741619542071   35.45321661246922   1345.5763035893558 
  2306.0   849.5550829005399   1834.028428054735   4.767525996630851   448.20441031694975   35.460723462107225   1345.5957675079696 
  2307.0   849.3062763258383   1832.5136045424929   4.702220961405553   446.88435167494043   35.40286279122872   1345.5241709053653 
  2308.0   849.0709306204275   1832.1209772439606   4.8025673789319026   446.5173903548512   35.3578238989176   1345.4431972081022 
  2309.0   849.3537288854162   1832.7214896494222   4.825677571882857   447.1092811201692   35.36634987960032   1345.4201807777688 
  2310.0   849.2849636258572   1832.202132750261   4.683457991173825   446.7475185481723   35.3667025644263   1345.4044536117008 
  2311.0   850.4559109886625   1832.8982807171958   4.905812459884875   447.247631612936   35.367116815108744   1345.377720065215 
  2312.0   850.8056170393473   1833.055237643309   4.803541620960147   447.4519296026436   35.39382722314865   1345.405938118242 
  2313.0   850.6521782266306   1832.699955181808   4.802571617442895   447.14646990284604   35.37463372859153   1345.3762795959133 
  2314.0   850.377614700782   1833.3677757810617   4.7947405392914035   447.7865748925571   35.39240292078556   1345.3940561409206 
  2315.0   849.3596821294171   1832.672391748545   4.687936335683782   447.2231511743381   35.37581434426336   1345.3854907228342 
  2316.0   848.7107546993726   1831.7049607160636   4.730258771778976   446.3379503013601   35.32401570730177   1345.3127356108887 
  2317.0   849.498967133015   1832.4174114007822   4.854702942937926   446.9600476112036   35.32553728031368   1345.2771220734357 
  2318.0   849.6381577559874   1832.2490062272911   4.7510450534853526   446.8806592906237   35.34086419903651   1345.2764377912918 
  2319.0   849.5135853024507   1832.5387878767106   4.853623759072979   447.08534016151754   35.34175633070931   1345.2580681551945 
  2320.0   849.1786187726173   1833.3437797394001   4.8993509586073065   447.8064468226783   35.36711994927398   1345.270862764514 
  2321.0   849.4522503379653   1833.7955426529602   4.840341900656478   448.268902715882   35.39347497641283   1345.2928234389406 
  2322.0   849.6916247770278   1833.8037425916673   4.8882331029434205   448.22661880840485   35.39714032318566   1345.2917502323178 
  2323.0   849.6597275497155   1835.184562562172   4.946384612346176   449.4370467702725   35.44789252486948   1345.3532396171477 
  2324.0   848.4417082987665   1834.5455104058542   4.733204184190422   448.9423819508151   35.463587046592366   1345.4063382185932 
  2325.0   848.9719122665829   1835.2143649774082   4.9222045271421075   449.418697535464   35.459924707523626   1345.4135384848182 
  2326.0   849.5341219868403   1837.4172628285194   4.940578660899757   451.3620846236748   35.55210773780439   1345.5624911867183 
  2327.0   849.5931573660944   1837.509217666353   4.785434284596005   451.41927440915447   35.59717030085868   1345.7073391417955 
  2328.0   849.5321278113126   1836.9156735630672   4.783551703254394   450.77723585483335   35.578680110324164   1345.7762070353483 
  2329.0   848.8870130906621   1837.6700023376227   4.855050547119366   451.35694864354076   35.59034185818289   1345.8676602773323 
  2330.0   848.5559210476135   1837.8523876841464   4.8509144395780215   451.45249125801035   35.595438673937345   1345.9535429262603 
  2331.0   848.4042188345157   1838.8142541024388   4.863876703402062   452.22275835919623   35.63527090493773   1346.0923486522274 
  2332.0   847.753977478736   1838.389380885556   4.738613161240628   451.8018668509449   35.63915082743823   1346.2097503761256 
  2333.0   847.305057645067   1836.2977377447078   4.739501538534435   449.7978142538304   35.55879493666632   1346.2016269414141 
  2334.0   848.8530513486984   1836.6127252098097   4.862419214164282   449.96681398116095   35.54570464595871   1346.237787414443 
  2335.0   848.8344392186515   1837.0604884151312   4.796556409551492   450.34418102349537   35.57282660588975   1346.3469242986841 
  2336.0   849.2862481676092   1837.3724904667656   4.898209744536064   450.46877656709216   35.5746190837703   1346.4308830614875 
  2337.0   848.7421995476648   1837.4766572254675   4.787543454907156   450.5543377529988   35.593494022677916   1346.5412809657757 
  2338.0   847.6977038772516   1835.5585778350921   4.682818967602999   448.81243044857956   35.526788302680764   1346.536542404951 
  2339.0   847.0546476499767   1834.7044225522952   4.737272503325975   448.00972154231755   35.46262321609894   1346.4948043699246 
  2340.0   847.2580031913466   1835.2079576536605   4.8411255069431505   448.4043379665572   35.45439816859894   1346.5080947431052 
  2341.0   847.4320433772542   1836.4035827630735   4.883234546700605   449.43380436443135   35.49435014974867   1346.5921912394936 
  2342.0   847.383269626672   1836.8927758190205   4.86745612516853   449.82615264976505   35.5226493662669   1346.6765170396545 
  2343.0   847.4267751867923   1837.226579550957   4.832019329593253   450.08374790831283   35.541509383929906   1346.7693017433578 
  2344.0   847.3182441005428   1837.686575733015   4.920178751963249   450.3607340171189   35.55137423649423   1346.8542886155876 
  2345.0   847.3619727535679   1838.5542136888666   4.893200194195146   451.06629610828634   35.59762242642272   1346.9970944334834 
  2346.0   846.9330581330369   1838.5612306067874   4.82051946131448   451.0234476037325   35.60915550243923   1347.1081095700845 
  2347.0   846.6347458784634   1837.8215391800993   4.730801645584933   450.3034702372703   35.59758887173168   1347.1896781958396 
  2348.0   846.8592358030348   1837.7079914531198   4.859762827929543   450.0584506181994   35.56682840561031   1347.2229494458095 
  2349.0   847.4030289391336   1838.2052889894574   4.850595246545569   450.4518755351755   35.588052828606415   1347.314765241477 
  2350.0   847.3003717309746   1838.044348914342   4.805681945086886   450.2610322018341   35.58858016931793   1347.3890552501439 
  2351.0   847.4422794405544   1838.512529638197   4.9107245210408115   450.5808351459455   35.58268188513639   1347.4382894113107 
  2352.0   847.64493967476   1840.1395840319901   4.863102992071815   452.03003890124813   35.64997491126134   1347.5964670222015 
  2353.0   846.7226794636244   1839.467052008935   4.686265872600627   451.3997361049838   35.65754302423091   1347.723507515009 
  2354.0   845.650894277804   1837.0004451799837   4.671090325955031   449.0706908271533   35.55798082924185   1347.7006829877257 
  2355.0   846.1316539331619   1835.7196350308989   4.811743165072629   447.80158775389407   35.47092944702695   1347.6353744176067 
  2356.0   846.6976146508575   1836.2265166122418   4.847083596045573   448.2671084088282   35.467767458263424   1347.6445583031898 
  2357.0   846.3731322656281   1835.9093711966027   4.668295300113832   448.1051147336426   35.46805624126735   1347.667905683116 
  2358.0   846.2487484198782   1834.8107562134503   4.697446911268387   447.1025764222421   35.40954419409823   1347.601187954544 
  2359.0   846.5223898420728   1833.4936346616266   4.68823143841966   445.9354823478632   35.35261040247667   1347.5173098104985 
  2360.0   846.9944427078642   1833.3222791749474   4.8459280299398015   445.7605574354191   35.308123903364454   1347.4076694296095 
  2361.0   847.0630017791129   1834.585566200027   4.828916056149566   446.9568279466645   35.36144992866873   1347.438371564287 
  2362.0   847.1456071298473   1834.5345214089728   4.764002305616416   446.96651394521007   35.368360047024815   1347.4356437261822 
  2363.0   847.2350882191078   1835.2236290951282   4.851242127476812   447.5663039646181   35.37416945863815   1347.4319136125355 
  2364.0   846.6434079127596   1835.642602983951   4.762569794146409   447.9937651156363   35.40366061240486   1347.4826069170745 
  2365.0   846.2003522101327   1834.954469425867   4.743841459628925   447.3546200042264   35.3823074127995   1347.4736993267038 
  2366.0   845.8730602719405   1834.0498093060464   4.772184343405575   446.53731874404144   35.33315257187159   1347.4071511185791 
  2367.0   846.2322123036319   1835.0083134935999   4.926182359130091   447.3528051064609   35.34192171205722   1347.3874048497207 
  2368.0   846.6833858391649   1836.508362000269   4.929059379635139   448.73863964644573   35.40153200804779   1347.4391309054577 
  2369.0   846.4437865205405   1837.5410321940674   4.849934554966165   449.7068579110718   35.45963910611154   1347.5245990119133 
  2370.0   845.8960217542916   1836.7118034270097   4.719712458353032   448.98930415459864   35.452057941907846   1347.5507298040718 
  2371.0   844.9825587407227   1837.077859756561   4.888107219816302   449.20825076350155   35.43597387332328   1347.5455271999301 
  2372.0   844.9318442628985   1838.4661455697196   4.9098013678260015   450.41385654632705   35.4943540179197   1347.648133513688 
  2373.0   844.8768171182684   1838.8175893268296   4.83707007224766   450.6872907538107   35.53494663412604   1347.7582813454228 
  2374.0   844.4902903953408   1838.0488969673067   4.754459702641463   449.95968271779475   35.52207431845648   1347.8126813434114 
  2375.0   844.5566052084182   1838.0073717176429   4.897120744985741   449.7874928991562   35.49644766992005   1347.8263106230256 
  2376.0   844.2378408627328   1838.531299683771   4.816755560213297   450.2898796249634   35.52202077457179   1347.902645389571 
  2377.0   842.975740446968   1838.2806060825533   4.7844094108828426   450.04364693771817   35.511938679618815   1347.9406114295507 
  2378.0   842.6733973262928   1838.2315238172553   4.773601992462595   449.95118790404837   35.51328507288722   1347.9934483315214 
  2379.0   842.8155936447129   1838.3056468255043   4.790072310679407   449.9484918833009   35.51531318817365   1348.0517682389486 
  2380.0   842.3421146823798   1838.4406192359143   4.808689799406439   450.0106898997157   35.514645833015734   1348.1065939361695 
  2381.0   842.1840142096257   1838.222381586609   4.804877504734593   449.7515002554675   35.50901269686584   1348.1569893289304 
  2382.0   842.1004218047011   1837.1827910076122   4.728128365641633   448.79937660808685   35.482457965808344   1348.1728291212514 
  2383.0   842.0865309139754   1836.4003319204662   4.785331548776664   448.00991966710126   35.44712931227363   1348.1579523629177 
  2384.0   842.3526227541258   1835.810945678817   4.811886977184008   447.4737783566076   35.40797655395378   1348.1173034403487 
  2385.0   842.9645525022456   1837.1259918148346   4.893694189710349   448.6229999695167   35.4419777485034   1348.1673192462422 
  2386.0   843.1651828579427   1836.4080202082946   4.74582508393124   448.0215653709981   35.44206734260759   1348.1985623865967 
  2387.0   843.3070913380604   1836.0805597895999   4.827061414265181   447.6456718122226   35.418538495274056   1348.1892892466433 
  2388.0   842.8706027365253   1835.1191212454323   4.731904966645678   446.83740324157543   35.38850670535718   1348.1613069298123 
  2389.0   843.4217021352   1834.9213935108355   4.840240467180569   446.62680582653655   35.35431066755223   1348.1000373491715 
  2390.0   843.0735011958024   1834.502914391104   4.713342021923039   446.3600409585796   35.349553198432766   1348.0799792085804 
  2391.0   842.5929765246253   1833.5952831534764   4.790921530822933   445.5364759707581   35.289301676389236   1347.9785838094097 
  2392.0   843.007802267626   1834.9219851465111   4.911525799073283   446.74106679962375   35.31235373347832   1347.9570393634249 
  2393.0   842.821819551191   1835.4787630369542   4.8248872631361355   447.3234116309946   35.35055645153701   1347.9799075802441 
  2394.0   842.4506255971932   1836.1943318471108   4.900108399348171   447.94470699852843   35.36713728212758   1347.9823784480975 
  2395.0   842.2045354457905   1836.3071294285485   4.793627578762842   448.1282375670387   35.38666150708196   1347.9986038292095 
  2396.0   841.6936992600793   1836.4957814079035   4.817839126342161   448.2949864506391   35.388779953767674   1347.9941765393503 
  2397.0   841.9321396942186   1837.4919380819383   4.919682774680893   449.1087102565771   35.424747582031834   1348.0387975969143 
  2398.0   841.165088698751   1837.3187426338445   4.795229636372652   448.98113459119617   35.448274519348985   1348.0941038808928 
  2399.0   841.0840012689442   1837.6146440795897   4.864900805622891   449.17855627635157   35.452754141922554   1348.1184335290786 
  2400.0   841.2184047129431   1837.60834387085   4.7554651263372785   449.2005364215979   35.474028787254305   1348.1783141457342 
  2401.0   840.2296970114397   1835.475832310249   4.679452042315973   447.3037559751779   35.393226005065515   1348.0993984946188 
  2402.0   840.2713153845934   1835.7102862544007   4.8886001287356375   447.4152427668797   35.3657621720513   1348.0406808490375 
  2403.0   840.4619252796061   1837.8880991263645   4.959721127702759   449.3725458839647   35.44158911797279   1348.114242033364 
  2404.0   839.3952509830216   1837.210592501757   4.756348893781988   448.85559741032455   35.45342842784182   1348.1452191217925 
  2405.0   838.7042827064568   1836.7446576865393   4.830207034073844   448.3702477038511   35.42763156922362   1348.1165704894092 
  2406.0   839.1099316791158   1837.7802659660988   4.875772343184243   449.2922958194422   35.457215570882326   1348.1549830635054 
  2407.0   839.2388180709534   1838.062980106404   4.81808084336547   449.5316851605881   35.48902408527634   1348.22418913362 
  2408.0   838.8132484001433   1836.691054808297   4.684643939567951   448.3103847561462   35.46434169550672   1348.2316858733002 
  2409.0   838.1356693048067   1834.5981899199207   4.656803661891303   446.4301577175667   35.37801519508182   1348.133212221571 
  2410.0   838.7808513881183   1835.19528766092   4.900459944446888   446.8781923843535   35.350051492292465   1348.0665856363034 
  2411.0   838.7154138799317   1835.599775882081   4.772568773568683   447.3523349171957   35.38546814764349   1348.0894038339727 
  2412.0   839.3653847980476   1835.9872275833725   4.877183823326747   447.6565592823908   35.38558059177285   1348.0679027514948 
  2413.0   839.6104587230385   1836.9984620152647   4.7889999648262975   448.6295810218564   35.439400301839086   1348.1404816215847 
  2414.0   839.0708212976524   1835.9473559789083   4.753342868822834   447.6695539428742   35.40499487656208   1348.1194635396055 
  2415.0   839.8316342891576   1837.0939045469722   4.967608578920965   448.5661392459348   35.42162147064634   1348.1385349124762 
  2416.0   839.2489798140948   1837.4702392934953   4.817649816819014   448.97398128510366   35.46500630108284   1348.213601095783 
  2417.0   839.0480885135357   1837.5072686285084   4.826594588861198   448.96497661995625   35.467225767624676   1348.2484711899217 
  2418.0   839.4367042179472   1836.8933428714995   4.756776421994398   448.40656978098554   35.45929412111029   1348.2707035251292 
  2419.0   839.6282730151759   1836.2727670506677   4.815617009482793   447.8050955888294   35.420987916502476   1348.2310663064673 
  2420.0   840.8132168832025   1837.79556717078   4.9591784474599425   449.09641284075025   35.45954862907611   1348.2804274698315 
  2421.0   841.0476412998777   1838.9390771363883   4.906592434106479   450.14212462788913   35.51544653270644   1348.374913080506 
  2422.0   840.5203613579786   1839.3181155990412   4.83631800513332   450.4653687673978   35.5487845914076   1348.4676439569857 
  2423.0   839.2717130069686   1838.7365380960202   4.7793399009331745   449.931848244796   35.527406712569814   1348.4979427589806 
  2424.0   839.3742428396656   1839.0947122302694   4.867483539496606   450.1702855625513   35.52166039361542   1348.5352826469878 
  2425.0   840.1073525078842   1840.4694010898206   4.894677299796033   451.332680478318   35.57782461481634   1348.6642177942717 
  2426.0   840.1720549043982   1840.6989628838305   4.823137677772954   451.465757375212   35.61017383985014   1348.799893638734 
  2427.0   839.9758839749055   1839.4113672043193   4.718881530628277   450.24320124458495   35.58119935270913   1348.8680857310999 
  2428.0   839.9732901342568   1838.660863272154   4.813318696843914   449.43801003630927   35.52994864347813   1348.8795867388378 
  2429.0   840.1756084001287   1838.5554816946922   4.792792650441532   449.30342267500487   35.52358866392867   1348.935677702 
  2430.0   840.5570669242827   1838.3576023285443   4.87223163879332   449.03779801743934   35.49702890705664   1348.9505436130148 
  2431.0   840.8120463997036   1838.8111687913079   4.831917147104866   449.4537468798213   35.51252046598319   1349.0129843420352 
  2432.0   839.4923289743575   1837.747928332499   4.706263726682018   448.5267191140077   35.488826178641965   1349.0261187877736 
  2433.0   839.3526270216487   1838.0102687845863   4.9084807181848635   448.66157682689595   35.44844784597929   1348.9917633197306 
  2434.0   838.8586939380605   1838.2180600066215   4.761155437743647   448.9444201958182   35.470161728221825   1349.0423238329522 
  2435.0   839.0700322662868   1837.5832920951643   4.778025341475176   448.3319182921377   35.44184535321029   1349.0315033655827 
  2436.0   838.2516047437778   1836.5121644768292   4.750680304517806   447.3677938091392   35.40097485588992   1348.992715349421 
  2437.0   838.0748849340459   1836.897662464566   4.908655121795654   447.660513252787   35.38170500189469   1348.9467869098423 
  2438.0   837.443164176586   1837.011817587327   4.7570301933723425   447.9011570862956   35.40133665122172   1348.9522930416815 
  2439.0   837.4901279747535   1835.8505627358277   4.71372682293845   446.8681817024304   35.368968883614485   1348.8996846300843 
  2440.0   836.701664364699   1834.3296032732596   4.684322440556032   445.5578335163918   35.30492539177155   1348.782522217586 
  2441.0   836.7358301537812   1833.4179595921646   4.775194224067684   444.7758767684026   35.24147958680396   1348.6254078663558 
  2442.0   837.6827120830145   1834.1079599740174   4.866703252415678   445.4556505632577   35.248413870340684   1348.5371906182752 
  2443.0   838.2701716487323   1835.8555442744582   4.855537691585685   447.12007244580013   35.3210321897369   1348.5589024534277 
  2444.0   838.115345797301   1836.1792350192854   4.7663568342102645   447.46053835455155   35.36039595115058   1348.5919451642778 
  2445.0   837.9266801574302   1835.8030747373027   4.815477413954059   447.0694290549452   35.34750147776555   1348.570665875401 
  2446.0   838.1963098334622   1836.2463766478834   4.870087580278929   447.4305373671431   35.36465241381722   1348.581098487449 
  2447.0   838.0489707209229   1835.4639249519025   4.7444898878578154   446.7871948566401   35.36014655902475   1348.572095162179 
  2448.0   838.7637885622355   1835.412327422155   4.8310358812680665   446.69905091012504   35.34586065092137   1348.5363798265803 
  2450.0   839.5491488105396   1835.9265083735277   4.9500157173086325   447.1617916959488   35.33939698137219   1348.475304727732 
  2451.0   840.0165978673202   1837.3694112335095   4.8492966928848755   448.55253414058234   35.41169574636364   1348.5558850335826 
  2452.0   839.9722991419163   1837.5418353905459   4.8463322728294544   448.6714243693198   35.42602465154429   1348.5980557976432 
  2453.0   839.5888632917855   1838.2149523860207   4.90636799128266   449.20620599856045   35.44897181840698   1348.6534074866104 
  2454.0   839.6158861960821   1839.4077887277176   4.922655734231417   450.22064928471076   35.50015633924761   1348.7643283443235 
  2455.0   839.043091895961   1840.9191631636836   4.924728178946383   451.5073217261875   35.56620474676141   1348.9209072198962 
  2456.0   837.648235127801   1841.167077211546   4.857260503332291   451.67956316460703   35.58777170321826   1349.0424822661935 
  2457.0   837.6508236145577   1842.2790287209111   4.937035493004152   452.5148102926917   35.630178442531076   1349.1970041309264 
  2458.0   837.2047344780696   1842.2374006182888   4.822599210641139   452.38648420727685   35.66174909012894   1349.3665675579093 
  2459.0   837.4623020875703   1841.8970676598021   4.844909912258226   451.9214139980823   35.649600674227834   1349.4811435563317 
  2460.0   837.9245071225853   1842.19609163262   4.840527102212386   452.06242216048986   35.66444525685953   1349.6286978683863 
  2461.0   837.4904241944569   1841.0617523511967   4.741554444945353   450.9676269290452   35.63413678564514   1349.7184332833733 
  2462.0   837.2254860223863   1840.2434654252552   4.807126203698181   450.1364344315976   35.57070747308144   1349.7291979060215 
  2463.0   837.4369182729733   1840.6625657292295   4.853344662287294   450.4448711767147   35.569560204511724   1349.7947895338332 
  2464.0   838.2030451323282   1841.1068095694447   4.8683670770753125   450.7543280031304   35.588698401661176   1349.8954177581656 
  2465.0   838.0194698484756   1839.756866923266   4.68577203805706   449.5301513561576   35.5709200715979   1349.9700241757162 
  2466.0   838.4017189150258   1839.4797099753291   4.906538758933106   449.0824923872677   35.52000541379766   1349.9706742236433 
  2467.0   839.3233042909688   1841.4045844638197   4.976999833652829   450.72796240738705   35.58468644399944   1350.1149359704161 
  2468.0   839.1128161272866   1841.7095753265653   4.834345254522474   450.9972960723943   35.61913248419427   1350.2588028668624 
  2469.0   839.0592118389169   1841.8931757106377   4.903474025955071   451.0166354333316   35.616902182677336   1350.3561635681876 
  2470.0   838.9077072442273   1841.2611537809837   4.786362696482613   450.42421919866604   35.60902659725362   1350.4415460861262 
  2471.0   838.1444122008626   1840.7616181828864   4.836999909869667   449.88016824930156   35.56949272409961   1350.474958038431 
  2472.0   838.6242953535657   1842.2677598986777   4.942390933399328   451.130879740524   35.60635886543436   1350.5881294092217 
  2473.0   838.6444495895053   1842.1873575056811   4.798152385715349   451.04365180226233   35.629726349386374   1350.7158272444535 
  2474.0   838.820723935303   1841.509991213112   4.814913178064046   450.32957122740174   35.5973851442707   1350.7681225131128 
  2475.0   839.1953733785863   1841.336820692829   4.829348464774365   450.10388742706795   35.57908935987688   1350.8244954458437 
  2476.0   839.9184719697697   1841.5089951788548   4.847091506308105   450.1828063613444   35.5806501518321   1350.8984456889234 
  2477.0   840.2430602942998   1840.9825450772053   4.830445509636668   449.65225407217787   35.560041207734095   1350.9398039383434 
  2478.0   841.1442846639043   1841.9572344504834   4.956020050927907   450.41958318009097   35.57382681968333   1351.0078046937672 
  2479.0   841.0560231752004   1842.6030519396213   4.8270783744152395   451.0199266105127   35.61618402097384   1351.1398626460011 
  2480.0   840.5529714022439   1842.547693522605   4.8575955955703085   450.8687079477918   35.605297471201744   1351.2160923134043 
  2481.0   839.3512458594896   1840.527770803969   4.704838421978137   449.0603325503504   35.545253715944924   1351.217346041014 
  2482.0   839.6955902926416   1839.28591773461   4.875010940354281   447.83832367150274   35.45500254289557   1351.1175820613341 
  2483.0   840.9646891041277   1841.3291587854242   5.005903688506595   449.66452640719234   35.50089015263693   1351.1578369817937 
  2484.0   840.7386558531958   1842.2161952713934   4.815003299018618   450.5662622672841   35.56471640418142   1351.2702121552018 
  2485.0   839.3164648329655   1840.914302254874   4.6962095391407335   449.4064460262686   35.52950062452008   1351.2821455195651 
  2486.0   838.7067512072014   1841.2870259524727   4.907377993478829   449.6109328907324   35.500161072148174   1351.2685548065515 
  2487.0   838.5319437494959   1843.162216733092   4.914529585552604   451.28952905408664   35.56851682290521   1351.3896401518912 
  2488.0   838.2514174889421   1842.7710190112666   4.771313419148746   450.9302752497266   35.58444717694494   1351.4849828393126 
  2489.0   838.7526806253184   1843.2240330580657   4.919036009991202   451.16392227263674   35.58631912666462   1351.5547555702965 
  2490.0   838.5656682227495   1843.9910622044408   4.853519817255679   451.81880944456867   35.63000329498856   1351.6887279655423 
  2491.0   838.1617466375696   1843.4803965557385   4.819883336518269   451.26733207239795   35.62125572892224   1351.7719262658698 
  2492.0   837.9405913442133   1842.649430061486   4.806485848832665   450.4536200658009   35.58645561632515   1351.8028679740812 
  2493.0   837.2418341488371   1842.3515031546092   4.790787463984684   450.1593923106819   35.56818658187428   1351.8331345769761 
  2494.0   837.4789103554143   1842.294110985687   4.837429750191993   450.0278137380423   35.557386483038115   1351.871479991479 
  2495.0   837.1305816227776   1842.4671699776793   4.840022944211959   450.1285452404708   35.56432886869341   1351.9342740784532 
  2496.0   837.082190254299   1842.1250676425489   4.82366474434116   449.78011727758974   35.55083413002518   1351.9704502435347 
  2497.0   837.1910059613842   1840.740935237148   4.730350906003119   448.5404701910222   35.511647084247095   1351.9584662330642 
  2498.0   837.6659764550976   1840.6912223924414   4.92140819485765   448.38980511300764   35.47148075082168   1351.9085265189526 
  2499.0   837.5659575916403   1842.7096818881262   4.937246543469726   450.21352566912356   35.54336858594322   1352.015540265431 
  2500.0   837.047432078395   1843.0829074320961   4.757570935313311   450.59434332426457   35.59123441877775   1352.1397588859245 
  2501.0   835.9867031017886   1841.3870607980703   4.759511665959056   448.9918544832137   35.52147782432825   1352.1142175939817 
  2502.0   835.6046523047681   1842.030512890482   4.965755771911928   449.4486661532694   35.50317790999907   1352.1129115595074 
  2503.0   834.1961750411054   1842.2891899683227   4.778725736330906   449.7831749100814   35.53697115595473   1352.1903173391538 
  2504.0   833.2499109830107   1840.3851431312619   4.724809754866168   448.0699361068745   35.46423101198021   1352.1261658552867 
  2505.0   833.5276996087114   1840.7622706222246   4.899719155394084   448.3170149538602   35.44722000441232   1352.0983159974019 
  2506.0   834.4057357080941   1841.6253081753969   4.890236202914239   449.10351700591167   35.483896137840134   1352.1476589674148 
  2507.0   834.3868703474651   1841.933575928154   4.781880726592936   449.4018313345869   35.51941566305888   1352.2304476692834 
  2508.0   834.566252467461   1842.1483899965563   4.87834325954227   449.4822796860641   35.515985330035434   1352.271781286939 
  2509.0   835.1739258531545   1843.0603205584187   4.903265685880515   450.2306574721657   35.55304480083407   1352.373353534267 
  2512.0   834.8077383084052   1843.0792445994964   4.79412516490571   450.2010030630008   35.54958246994091   1352.5345340932445 
  2513.0   835.256622921196   1843.2246747001925   4.898057389521402   450.2196885673309   35.540630201884646   1352.5662980934217 
  2514.0   835.3027534986244   1844.173089247729   4.9130832762833485   451.0333539589171   35.57437939960147   1352.652273661015 
  2515.0   835.0664857995031   1844.2909000553252   4.898213420143099   451.0797847904894   35.58562988423848   1352.7272721800086 
  2516.0   834.8187043737347   1843.0899596885838   4.732664985679837   449.9918558889367   35.57494996316311   1352.7904886776034 
  2517.0   835.839315941152   1842.4727628399426   4.878754182102328   449.29450011440406   35.52598440473864   1352.7735253510618 
  2518.0   836.1067798835678   1842.59960986435   4.80178796040397   449.4122441118015   35.546239816010186   1352.8393379339914 
  2519.0   835.2462354569915   1840.5948525580595   4.646059490833007   447.6397408958885   35.492407647894765   1352.8166435124629 
  2520.0   835.3542721728205   1839.282018597933   4.826898564891236   446.37779571791805   35.39273711006765   1352.6845861068675 
  2521.0   835.787272369037   1840.0691649920002   4.867029211855601   447.13048558919417   35.40477333041428   1352.6668767840742 
  2522.0   835.589553805127   1839.0271839866314   4.749713220697962   446.2841195514143   35.38007022590661   1352.6132796800061 
  2523.0   836.0736749038872   1839.523332584013   4.943038125521564   446.6781480694754   35.36094330222689   1352.5412041347063 
  2524.0   836.4122787952765   1841.3834658640324   4.939691495676772   448.4011882420131   35.4352065935799   1352.6073803201268 
  2525.0   835.5561601027505   1841.9044021193702   4.844394397144682   448.91470629520506   35.474682942123266   1352.6706171212804 
  2526.0   835.2606410499245   1841.768306025011   4.838670220280818   448.7475326992653   35.48145176338354   1352.700651500247 
  2527.0   835.0287776511516   1840.2310819073525   4.738898345850565   447.3731679378294   35.44180270116304   1352.6772128240352 
  2528.0   835.3175019204933   1839.7655705512643   4.869789582480136   446.9079770167952   35.39233876211623   1352.595465554775 
  2529.0   836.3059426209707   1840.6237339236854   4.922873876012885   447.6834430563318   35.41737794318307   1352.6000394633668 
  2530.0   836.1910323955914   1839.8974435935002   4.772373367479854   447.13471559310113   35.41074259796268   1352.5796127856931 
  2531.0   837.1597010911297   1839.91722235662   4.910398507326638   447.1076486028582   35.388113863601326   1352.5110605562113 
  2532.0   837.4306794496857   1841.3176286738824   4.902469633790169   448.42383160278393   35.44254070571067   1352.5487878020822 
  2533.0   837.4379423981487   1842.1325557534133   4.84886861139428   449.1914064875384   35.4852399413555   1352.607041331403 
  2534.0   836.9610665020285   1841.3665807645011   4.729597531581041   448.5434342764594   35.47530649464906   1352.618242207022 
  2535.0   836.7739067732069   1841.246636386621   4.828603444982255   448.36722682023554   35.45074470448804   1352.6000611017046 
  2537.0   836.357102439732   1841.4678990949521   4.863267268274811   448.52580879862535   35.4513833599507   1352.6274405345448 
  2538.0   836.1679086330495   1842.928205238865   4.909516889983046   449.8042781099551   35.50294739297912   1352.71146221687 
  2539.0   836.175868116459   1843.5782567061024   4.8650859872840195   450.3734136657314   35.53809489915122   1352.8016632367314 
  2540.0   836.1194490836415   1843.908679292065   4.915387177384317   450.57795647473944   35.54907960678542   1352.8662563594044 
  2542.0   835.5817429538788   1844.4459089781344   4.890125035792504   450.980480482497   35.57448999661893   1353.0008141801297 
  2543.0   834.948305634589   1844.1565907210513   4.832497909496397   450.7027419415658   35.57142877048209   1353.049923893253 
  2544.0   834.911090290193   1843.780433738432   4.884419773638942   450.3009608250403   35.543331110045806   1353.051720857166 
  2545.0   835.6665763852424   1845.5510057038387   4.967164157779917   451.8288579061265   35.59967308863162   1353.1553113378645 
  2546.0   836.2623221238586   1846.543039112898   4.912886059561804   452.68332574287416   35.65727571496255   1353.2895514410995 
  2547.0   836.066613094904   1846.5817293198468   4.893005402974431   452.6124002687945   35.677667042875925   1353.3986564081877 
  2548.0   836.0548755798521   1845.2853116822073   4.7994159497710465   451.4066330771545   35.64302605279958   1353.4362355396088 
  2549.0   836.0126565660947   1844.9912270025352   4.822858216331593   451.0611783737646   35.626443260509696   1353.4807479578587 
  2550.0   835.9862730488096   1844.738624200625   4.813016169177078   450.7856314804779   35.61481124888672   1353.525163149762 
  2551.0   836.5159108284905   1844.4153387702931   4.863782488428322   450.4009803516337   35.596512920586385   1353.5540626357565 
  2552.0   837.1277066802232   1844.9928939483625   4.899199996033318   450.8497248953014   35.616593724342714   1353.6273755658128 
  2553.0   837.4622604746068   1844.9273850953446   4.854371161556669   450.7639121386829   35.61974761842919   1353.6893534015608 
  2554.0   837.3391514425587   1845.4043131592416   4.851444679091183   451.1565895552842   35.63410288813825   1353.7621744662247 
  2555.0   837.031156781086   1844.3998038375441   4.786033520653363   450.2224332370595   35.60220384834633   1353.7891327874113 
  2556.0   837.5424399243716   1845.2125573823528   4.984347699254199   450.80828625294515   35.600050440131454   1353.8198736098354 
  2557.0   837.2457688351678   1846.1169017113268   4.878809673460523   451.65213907151355   35.65112413251979   1353.9348295803597 
  2558.0   836.9736550872548   1846.0832839768348   4.8175630852993745   451.58117453671383   35.66360636295014   1354.0209411111573 
  2559.0   836.6536411602566   1844.7421074081885   4.750215187774265   450.34067819347814   35.617556217465655   1354.0336582041496 
  2560.0   837.3201437481707   1844.6239910017625   4.949749039005839   450.11674825814623   35.568517605910046   1353.988977417649 
  2561.0   837.8344793138203   1846.1447388830477   4.899711416739425   451.5512540927231   35.62152174825218   1354.0722532157154 
  2562.0   837.7776595998249   1846.862474890715   4.833466627991279   452.1773127018436   35.66462104406289   1354.1870738724515 
  2563.0   837.5081153944317   1847.097264748257   4.861898013058114   452.27481095943057   35.67527965033569   1354.2852763141957 
  2564.0   837.530262896763   1846.2561274853201   4.764680383885981   451.45682642350505   35.66655140973642   1354.368070045345 
  2565.0   837.8342643842725   1845.7286415082299   4.871184200071259   450.8340206089065   35.63057255069486   1354.3928657638237 
  2566.0   838.2692174645085   1845.8427987660702   4.8702020987796795   450.90944230461406   35.62450069215905   1354.4386538935967 
  2567.0   839.1055749320425   1847.0862603596051   4.907191407358857   451.9608706037624   35.666262064702686   1354.5519353303707 
  2568.0   838.3034468338856   1846.0393561933552   4.732574670968098   451.05244234913675   35.64662499608608   1354.6077149132493 
  2569.0   837.405485868243   1845.336708891565   4.814240834808094   450.33862062913073   35.59055095502825   1354.5932974640086 
  2570.0   837.8586676333067   1845.9880735047172   4.891825892643553   450.86239212876023   35.59642248428435   1354.6374335964913 
  2571.0   837.5851612490278   1846.3465347781225   4.79918287144453   451.18054096590254   35.63024993045378   1354.7365602378522 
  2572.0   837.6906785568723   1846.7272513117275   4.977116239650568   451.36837515981966   35.614817501350956   1354.766941956959 
  2573.0   837.6546099096907   1847.95050672555   4.907152695261385   452.4598571606283   35.67677582321851   1354.9067203781199 
  2574.0   837.3728618115157   1848.2308509613163   4.833151325169111   452.6491070891752   35.70806016648818   1355.040533117915 
