 year   CV   CS   DPM   RPM   BIO   HUM
  1851.0   588.3760774763169   1739.021528833824   4.996216662079609   405.0237735105826   33.52754133500987   1295.4739976905523 
  1852.0   588.7288485358267   1738.8449363848201   4.899035415080462   404.9170929632742   33.533832281956386   1295.4949742162962 
  1853.0   589.5461513612923   1739.3881408983236   5.039704356910266   405.31026389716095   33.53374123755583   1295.5044320800027 
  1854.0   590.5322061822637   1740.085234518529   5.031477814446091   405.9398163760894   33.561515773465274   1295.5524239727563 
  1855.0   591.6942558805841   1740.573588921209   4.971699250620519   406.3891866357448   33.59478141535369   1295.6179217853423 
  1856.0   592.9204262128858   1740.7870414328877   4.969914413390821   406.5531295918712   33.603743702831984   1295.6602531785181 
  1857.0   593.9520538024365   1741.215117304916   4.951409558802524   406.9350554220118   33.61711071586997   1295.7115420295231 
  1858.0   595.4566018210481   1741.7876315301544   4.990944856387987   407.3965550716368   33.63131712761188   1295.7688142525224 
  1859.0   596.840186008668   1741.7805921653355   4.922703917228259   407.3854923299329   33.64217766474445   1295.8302183149806 
  1860.0   598.3279101231797   1741.636824063108   4.93571374913952   407.20189348999753   33.63381913211567   1295.8653980302456 
  1861.0   599.8519911875094   1741.79480581849   4.96097580693333   407.2881145675381   33.63470549195518   1295.911010015925 
  1862.0   601.5175520304795   1742.4475840174625   5.005424817787826   407.8255062590928   33.64776312901936   1295.96889004911 
  1863.0   603.432075824744   1743.9061951429085   5.125928012119166   409.021749186223   33.688062921078114   1296.0704560247484 
  1864.0   605.3126938191992   1745.4279965218473   5.106681941034577   410.3475503296971   33.75433557637021   1296.2194273886005 
  1865.0   607.6621750255488   1745.18212873587   4.971332304272591   410.1106135585927   33.77294135262041   1296.3272413660786 
  1866.0   609.9400815059115   1745.9562641658   5.117425309012297   410.6275684405366   33.786065459239566   1296.4252039432895 
  1867.0   611.7731514393045   1747.5565468470745   5.070213080105375   412.018638711784   33.859353314743906   1296.60834111298 
  1868.0   612.7341089313401   1747.651540263967   4.918034377087367   412.1022512510521   33.882558796020234   1296.7486947848956 
  1869.0   614.5607642255665   1747.5124098118135   4.998167005322899   411.8204493180787   33.86075330724415   1296.8330403286368 
  1870.0   616.7595565200944   1747.9139024376718   4.947340664341544   412.1104570605524   33.884503852932276   1296.971600992853 
  1871.0   618.3720261016263   1748.2975739341175   4.989604331866721   412.3490518587208   33.88366391217322   1297.0752531002368 
  1872.0   619.8440093236217   1749.362325524664   4.999335443417985   413.2287002085534   33.91423062598934   1297.2200609360546 
  1873.0   621.3299577828438   1750.5062969731737   5.043528558985881   414.1325505307224   33.94855732017113   1297.3816623299008 
  1874.0   622.7384187975832   1751.2533643444524   4.97898110809462   414.7452283696893   33.98082470613752   1297.5483296231926 
  1875.0   623.7893449988175   1750.2764144910002   4.84206346021388   413.8129717636914   33.9621161052724   1297.6592624670336 
  1876.0   625.4942179177937   1749.869944704072   4.999328846492405   413.2467083736542   33.91483311225451   1297.709074322261 
  1877.0   627.5538083593763   1750.8093860821566   4.997373404424655   414.0437947584665   33.93830655703386   1297.8299103548832 
  1878.0   629.3526119995248   1750.8922636025377   4.902380533433997   414.1136188338536   33.94467338617002   1297.9315908218268 
  1879.0   630.8641311011455   1750.8867679489585   4.966275701112659   413.9981231890992   33.92605126085743   1297.9963168163579 
  1880.0   631.9287080738562   1751.488829807507   4.964107781316494   414.4918501412354   33.93797664573912   1298.094896334059 
  1881.0   633.9903498522426   1752.3385248856657   5.0294300807825065   415.1620541778888   33.95199237917331   1298.1950475372732 
  1882.0   636.0776711761529   1753.1984678608935   4.967725988158074   415.90666571132294   33.991106791319474   1298.3329705893739 
  1883.0   637.6880920925057   1753.9547645772586   4.980051441425728   416.5042822274897   34.013271980620495   1298.4571586022964 
  1884.0   639.4508065595454   1754.9277074177915   4.977982918401846   417.3032710501964   34.04494425250761   1298.6015088731099 
  1885.0   641.4279841566917   1756.2514681209957   5.011141003128031   418.38538165275264   34.08593313170688   1298.7690114129173 
  1886.0   643.2092746582335   1756.8996622225175   4.92077973821588   418.8998271725629   34.12588721612745   1298.9531677827888 
  1887.0   645.014920339615   1757.9327929929036   5.044244520507585   419.6120143870341   34.150910960721006   1299.1256218974092 
  1888.0   646.7700398479379   1759.5933719242457   5.032351639884516   420.9761771141208   34.21933656491084   1299.365506640529 
  1889.0   648.3834335070096   1759.5399707037882   4.915509880974542   420.82026399281705   34.23887949047274   1299.565317795704 
  1890.0   650.1691819916455   1760.0872002634737   4.985671952790907   421.0929887655268   34.25222527560798   1299.7563152809619 
  1891.0   651.9762143341188   1760.2367019570863   4.995321693096547   421.0498549654869   34.25584137543004   1299.9356846546448 
  1892.0   654.1034459934513   1761.181027341674   5.018819860202639   421.7385787779904   34.283387088868906   1300.1402421009955 
  1893.0   655.9861041335358   1761.2812763770435   4.887429637923896   421.76185474239327   34.297117959968084   1300.3348755622646 
  1894.0   658.1092469281401   1762.0140000410888   5.037989628019856   422.16805015767204   34.29926105397439   1300.5086987068582 
  1895.0   659.1729386096331   1761.9784770782649   4.923953534463918   422.0498025525748   34.31272686703375   1300.6919918406807 
  1896.0   660.0740820774716   1762.1594546972067   4.987365067376508   422.05607231911324   34.29464075369654   1300.8213776895443 
  1897.0   661.8461224100471   1763.5753814280843   5.030587113272513   423.20847638422816   34.3290419258967   1301.0072751975786 
  1898.0   663.2630839450501   1764.0878923791668   4.942770902072771   423.603992594061   34.35459669779864   1301.186533193895 
  1899.0   664.6232843741963   1764.6430448525455   4.976563481323508   423.9716281285918   34.3575951810263   1301.337257686237 
  1900.0   666.3696987384537   1766.2261909544832   5.052474083101646   425.2235454783399   34.40461782072449   1301.5455532278056 
  1901.0   667.2126500697756   1766.3620875644372   4.906647178606501   425.27988127690213   34.432915542033534   1301.742644347776 
  1902.0   668.6242361619834   1766.5336856533295   4.986848452684098   425.2240321706826   34.427025105861595   1301.895780882707 
  1903.0   670.5720289195291   1768.010280709387   5.018735532313195   426.4088801541465   34.47196699963836   1302.1106966222032 
  1904.0   672.1642038711726   1768.9338927711374   4.930963542805405   427.1407463737579   34.51820697492634   1302.3439750548666 
  1905.0   673.6766694670731   1769.6256462110396   4.99136476421126   427.54696976160903   34.53547077675818   1302.5518415491088 
  1906.0   675.4223811186206   1770.405870684993   5.001914665590337   428.05827559896795   34.56579049766049   1302.7798900761352 
  1907.0   677.126798624702   1771.5856471450288   5.007370467873345   428.94139443665074   34.607413487677725   1303.0294691467152 
  1908.0   678.7451173939284   1772.4014419421196   4.9673907173206295   429.5231053384172   34.63754748395283   1303.2733962233065 
  1909.0   679.7189645323213   1772.66840242782   4.897677848118977   429.5961416928745   34.65962722658375   1303.514955430137 
  1910.0   681.3145054051208   1771.8263198056566   4.8865439045527745   428.6207823609843   34.630267822499825   1303.6887266740398 
  1911.0   683.1148402128706   1772.2409345352671   4.989773358323529   428.7640675082972   34.62119627651546   1303.8658986766707 
  1912.0   685.1190647855558   1773.2338113823232   4.991128619697828   429.5047963890475   34.64902932549112   1304.088856345022 
  1913.0   687.5005558676127   1775.1359844466313   5.072291121298804   431.0075614215287   34.70484759992071   1304.3512839904995 
  1914.0   688.743848017676   1775.4238539282685   4.903659204536729   431.1660611406849   34.74262839655572   1304.6115035141568 
  1915.0   689.8213532266312   1775.070249131677   4.892477705166353   430.65286379397713   34.72359354411924   1304.801313746645 
  1916.0   691.622282780796   1775.232100132351   4.963660947626058   430.5723801316923   34.710204227986345   1304.9858548702355 
  1917.0   692.7311680685649   1775.363530865926   4.8797289939714314   430.58082451798487   34.71706532022062   1305.185911887744 
  1918.0   694.2034879735348   1775.3631350463847   4.8519852265333485   430.4443677337601   34.70684737370392   1305.3599355135966 
  1919.0   695.2584265775838   1776.0012084325965   4.966661294772294   430.8207365747966   34.69577424394159   1305.5180355588793 
  1920.0   696.1297607846145   1776.6460232374839   4.886874860906949   431.30816806201716   34.72564039050315   1305.7253401892767 
  1921.0   698.0526579594056   1777.1960348022474   5.0025387217179205   431.57921338982345   34.72271208415526   1305.8915699507995 
  1922.0   700.5266792341681   1779.2492720031812   5.045995735323915   433.2509011986033   34.79443298787385   1306.1579418320196 
  1923.0   701.9776657207104   1780.5313857857664   4.959836709267206   434.2643397797243   34.8603644852526   1306.4468453368156 
  1924.0   703.09813720819   1780.3358895907224   4.851949368948929   433.9342218232322   34.8695827790583   1306.6801355671362 
  1925.0   704.4849529305784   1780.3842091681518   4.916662187384339   433.72569633717467   34.85895623519041   1306.882893671119 
  1926.0   706.1073491998453   1781.3583880561298   4.992119365304691   434.3681803221659   34.880517671742375   1307.1175703403014 
  1927.0   707.4331497994193   1781.5837340815124   4.921701117627687   434.40581134290176   34.900064457178   1307.356156134726 
  1928.0   709.0751813219854   1781.6838282394017   4.97725415646064   434.2566629698524   34.892658222409125   1307.5572529315075 
  1929.0   710.3082820707133   1782.512012407339   4.913523437974682   434.88299344639995   34.920772200695325   1307.7947225294217 
  1930.0   711.6014299722384   1783.4965766461507   4.9424623816062905   435.59900873697643   34.940017363867874   1308.0150873837094 
  1931.0   712.5709983977447   1784.7279901759898   4.921384744134971   436.5527609753842   34.98125988056882   1308.2725846417097 
  1932.0   714.1750078645131   1785.5718628993943   4.913276162855615   437.09258691995916   35.01820040724688   1308.5477997294395 
  1933.0   715.39549379698   1784.3041730268296   4.804438659574345   435.7419687820385   34.99323160873055   1308.764533560524 
  1934.0   717.606159327965   1783.996209362758   4.972309984611681   435.14044438268553   34.95178069871932   1308.9316741161924 
  1935.0   719.6383576929021   1785.0570442038616   4.980016928756201   435.9418419114971   34.97779778377714   1309.1573880735589 
  1936.0   722.0648237570963   1786.0685905075834   4.995703765348602   436.65448219350526   35.01194341672958   1309.4064609585635 
  1937.0   723.3625739363794   1786.8274428579703   4.979480344206406   437.16468716081727   35.03538295755913   1309.6478929595971 
  1938.0   724.1232465409884   1785.510162997449   4.7634383527678965   435.91480187293814   35.00534415310491   1309.8265800896818 
  1939.0   725.092721419156   1785.1011027944887   4.9600411528111925   435.2672332943856   34.942532037775344   1309.9312958344894 
  1940.0   726.507555314731   1787.1084166080434   5.002735681636293   436.9533614305992   34.99357479641815   1310.1587429792012 
  1941.0   727.2813967385725   1787.9183493156631   4.878851079177516   437.61048604228927   35.033717533483106   1310.3952943044096 
  1942.0   728.7261872815906   1787.8212792531435   4.866962181423882   437.3500305845648   35.025241576566756   1310.579045865926 
  1943.0   730.645838526583   1788.1195725650666   4.938945753304066   437.40274397399975   35.01829964248344   1310.7595845556293 
  1944.0   732.6268793503259   1789.4178338713357   4.94117667101599   438.3928575165539   35.06647141788715   1311.0173284851048 
  1945.0   734.5367830193105   1789.9220341958337   4.851989520872708   438.6913651912218   35.10017977074661   1311.2784999116318 
  1946.0   736.2398026280312   1789.8657155639878   4.8644448562863865   438.4107025191362   35.09489186645763   1311.4956767885901 
  1947.0   737.7451204771322   1789.901789495588   4.9344023507570975   438.19856999039246   35.07794931241052   1311.690868194222 
  1948.0   739.80073586111   1791.2964474828382   5.010077887989747   439.23129194814027   35.11272789312756   1311.9423501205645 
  1949.0   740.6893924999785   1791.4429595415904   4.878996540604659   439.2503855163687   35.13228683594951   1312.1812912571745 
  1950.0   741.7016132560516   1790.6213883098703   4.865614557398794   438.34217249670866   35.08670658756166   1312.326894584562 
  1951.0   743.4290832784947   1791.9961329039866   5.081841895761633   439.30989335507456   35.09108128273581   1312.5133163890396 
  1952.0   745.0453136467918   1794.3673355885628   5.041930590396911   441.3179185869174   35.18315577622908   1312.824330726593 
  1953.0   746.5533254075724   1794.984291565317   4.933160539616128   441.72533182771434   35.224615177749634   1313.1011836601585 
  1954.0   747.8748422343511   1795.870806561199   4.945470226520514   442.29032778866286   35.25895480866132   1313.376053289135 
  1955.0   749.2225899749953   1796.0301364240224   4.901693468713653   442.21799689490786   35.273448517314655   1313.6369970155863 
  1956.0   750.306202912473   1795.6198386679514   4.8444328901231675   441.65769416177443   35.25577425953509   1313.8619367965389 
  1957.0   752.0709232645773   1796.4232453208047   4.9773299281967684   442.1075125927403   35.25301019248523   1314.0853933738388 
  1958.0   753.6141259057827   1798.1893549720444   4.9726879289439445   443.526920769361   35.30897004826478   1314.3807772961507 
  1959.0   754.103391314692   1798.3018835468254   4.852332724915056   443.4756065026218   35.32802131588311   1314.645922609767 
  1960.0   755.1293800401875   1798.1550641128058   4.885492425782897   443.0932385611016   35.31012606450104   1314.8662082915632 
  1961.0   756.3389318465419   1799.3485785357186   4.93617146072853   443.9376384828129   35.33903046816707   1315.1357363797697 
  1962.0   757.0463994066079   1799.4149543442777   4.805438185472537   443.8443641656504   35.354984712911   1315.4101684481343 
  1963.0   757.8573251067821   1799.9961996675543   4.88438224893107   444.099051720172   35.35334436484862   1315.6594217140755 
  1964.0   758.5909538873931   1799.5739668851359   4.797593750625018   443.52294252556237   35.348199608006574   1315.9052295647361 
  1965.0   759.4354521934978   1798.9553737657968   4.914232957030758   442.6783838765331   35.29625830840755   1316.0664993169237 
  1966.0   761.0760976405296   1799.825959992297   4.95117867717528   443.28631901089017   35.306748771708165   1316.2817156561212 
  1967.0   762.9645615931001   1801.921220916506   5.0133010616196065   444.9663803287903   35.3697110244653   1316.5718296041002 
  1968.0   764.7097971465693   1803.6163706723073   4.92203651616793   446.3308959531664   35.44927462367334   1316.9141642945485 
  1969.0   765.8462383845028   1803.5861974810887   4.872079353818466   446.0431190348849   35.46416118361246   1317.206838094982 
  1970.0   767.204561009669   1803.824216073659   4.9683652063006996   445.9277440414324   35.45928655066764   1317.4688206212136 
  1971.0   768.4275817603892   1805.30500582303   4.940119764455428   447.0563480112193   35.51202194285153   1317.7965165741277 
  1972.0   768.9985780609387   1805.4329956173704   4.861830128282911   446.9540019171582   35.52152929921613   1318.0956347677293 
  1973.0   769.2529625661031   1804.0433534081067   4.739590500223593   445.49344773708833   35.48225939421494   1318.328056819675 
  1974.0   770.6188522359055   1803.904417611508   4.954003988793397   445.0275621225671   35.427704140603744   1318.4951457649736 
  1975.0   771.8491849403483   1805.543695459711   4.929062339414698   446.3613068514531   35.47759270037804   1318.775732147762 
  1976.0   772.4062808025842   1806.325043195416   4.940425256325002   446.8589358543976   35.49592660837791   1319.0297559885175 
  1977.0   773.049523840261   1807.4695997511976   4.951782530046538   447.67530654861105   35.53292488584184   1319.3095862203854 
  1978.0   773.7732284995345   1808.191132977671   4.909293788258113   448.1245189260939   35.561791111101336   1319.5955300044332 
  1979.0   774.5881029464832   1808.3074555224553   4.8501389316522605   448.02426903177025   35.57085029726723   1319.8621981354504 
  1980.0   775.3803391050727   1806.9023610591876   4.7778906007653354   446.5440439642009   35.526440912957575   1320.053985149431 
  1981.0   776.7640413501487   1807.5945673161684   4.978577917132578   446.858283734813   35.5132401914534   1320.2444653757505 
  1982.0   778.0244237971352   1808.268096901994   4.871907492348333   447.3436537242427   35.54784394457294   1320.5046911181198 
  1983.0   779.0071117007906   1809.093631429068   4.8655286493729575   447.88709034810574   35.57120180436466   1320.7698099094296 
  1984.0   779.4913528706746   1808.5889681643173   4.78467918971882   447.2413746676303   35.558719453975705   1321.0041953500765 
  1985.0   780.5181356832619   1807.6199135690063   4.8100909996697645   446.1331723528078   35.50774985311167   1321.1689015748857 
  1986.0   782.2622532062962   1807.7931749132836   4.901233031426234   446.04202001474636   35.49014299864647   1321.3597783592593 
  1987.0   783.6375013509344   1808.3818945670087   4.854530399160391   446.41802174909753   35.51039125476579   1321.598950580152 
  1988.0   784.9032805039787   1808.5909283156118   4.857625001403279   446.4159890575414   35.51039241798936   1321.806922160599 
  1989.0   786.1191573160736   1808.362309985018   4.8790439293382155   446.01457889068223   35.48794016912582   1321.9807473455023 
  1990.0   787.6341622816692   1808.9528689661743   4.930717131874191   446.3717665585529   35.48558541980674   1322.1648016458937 
  1991.0   789.0548821289589   1811.4260734674472   5.013703350678072   448.4193259909301   35.55454520552621   1322.438497420009 
  1992.0   790.1486789419419   1812.540744868584   4.868951568213904   449.3097798843292   35.61674617992897   1322.7452670613127 
  1993.0   792.1728446152965   1813.4798893600139   4.964263551185223   449.828981666026   35.646590014840434   1323.0400537035275 
  1994.0   792.9619032044616   1813.3172205645776   4.830863713758124   449.4889777353997   35.66616075465853   1323.3312179867253 
  1995.0   793.7149199100596   1812.8084804698206   4.867700765338506   448.7610895280179   35.6313289856647   1323.5483616771587 
  1996.0   795.3230556438695   1813.6966258145787   4.929018337143075   449.3158642921313   35.644809770184445   1323.806934103152 
  1997.0   796.4643053070243   1814.3906573972865   4.846773201717561   449.76101451643143   35.67690878492836   1324.1059606161084 
  1998.0   797.213324553047   1813.1313604578959   4.773223013627006   448.4025387777845   35.634743934157804   1324.3208546263552 
  1999.0   798.057936552276   1812.6471935103357   4.9139837551030014   447.6810181037868   35.57581958797411   1324.4763720078738 
  2000.0   799.0610610862649   1814.3680091778283   4.989459873124578   449.0187483398695   35.618505506655254   1324.741296249779 
  2001.0   799.672173332724   1814.438366326614   4.840298632733012   448.976508230869   35.633621667182915   1324.9879364972785 
  2002.0   800.7125795023734   1815.0060898290872   4.905281076118418   449.26143392741005   35.63211302900368   1325.2072619626833 
  2003.0   801.4070327010995   1815.3021981783297   4.839131933863948   449.38033903756076   35.64011110778118   1325.4426159791658 
  2004.0   802.6428934747385   1815.1043943502298   4.883331590275654   448.9615717420955   35.619328534639514   1325.6401636512148 
  2005.0   804.0995141753577   1815.5980502265481   4.88648180360939   449.2232685836148   35.626234562927465   1325.8620646022098 
  2006.0   805.455083661148   1816.282169830281   4.854723026274765   449.6715996500598   35.64491503734365   1326.1109324483764 
  2007.0   806.4003752353821   1815.507116331652   4.787187780263722   448.78478599715805   35.61967924919911   1326.315465226832 
  2008.0   807.5997036025288   1815.9878477994894   4.89688163882301   448.95792593458873   35.61189973623672   1326.521141723236 
  2009.0   807.8177248082344   1816.0976937359217   4.866557243701058   448.90801142219743   35.60430361123889   1326.718821160258 
  2010.0   811.0937040804895   1818.2329282081416   4.909948350091126   450.6156814438135   35.674023122262206   1327.0332759517266 
  2011.0   812.3285735097143   1818.3185941147037   4.8676946253516125   450.478032951458   35.68588565169677   1327.286981121905 
  2012.0   812.9538301548654   1817.757404809513   4.784245258652191   449.8192496581046   35.66374745981026   1327.4901626295816 
  2013.0   813.8786184675804   1818.7303875820635   4.893768804267513   450.47213986905723   35.66261274503568   1327.7018660245933 
  2014.0   814.3749160477118   1819.4129197398524   4.8543808673599775   450.91207656395073   35.68762311769157   1327.958839204544 
  2015.0   815.1009335418994   1818.4005919378683   4.778959234183994   449.81763266580583   35.65323676330574   1328.1507642538834 
  2016.0   816.4824782319359   1818.0989284361997   4.791489096883045   449.33953902678644   35.629351322455996   1328.3385487476319 
  2017.0   817.6619711592759   1817.2269654235727   4.791016845692173   448.38501554672126   35.57978131829387   1328.4711521454294 
  2018.0   818.3846373044872   1817.5170475409373   4.854872946221847   448.4967813106706   35.55988679725275   1328.605506245947 
  2019.0   818.767137295004   1817.8713617897454   4.8656615663477485   448.7007505848066   35.554689202817535   1328.7502605242553 
  2020.0   819.3761683771885   1818.4229507727628   4.841321993558796   449.1121669411224   35.562604213002274   1328.906857792168 
  2021.0   820.3616349906501   1818.9774595171746   4.854023299861244   449.48223187980994   35.57480426655681   1329.0663982583264 
  2022.0   821.2758016194468   1819.345885001731   4.911353271135031   449.62798311793654   35.57814676526586   1329.228402504131 
  2023.0   822.3689662245259   1820.974001246652   4.914234168154411   450.96767369664525   35.63646799974364   1329.4556262879637 
  2024.0   822.7545055677184   1819.566847370135   4.70663133545035   449.63515930912126   35.61683377589616   1329.6082229253295 
  2025.0   824.623209971498   1819.3991271136308   4.940909688088121   449.1851776954976   35.573364118519244   1329.6996764407704 
  2026.0   826.6902166431004   1820.5423972558142   4.890794332764294   450.112163206447   35.623983482220474   1329.9154571341853 
  2027.0   827.3809110303941   1820.5996417212152   4.7767415811954415   450.09475383342743   35.632826981853654   1330.0953182624066 
  2028.0   827.5624648065234   1819.5913431766458   4.744898365267924   449.08236970504703   35.57923210778386   1330.184843136027 
  2029.0   828.0556295320749   1820.2338430552356   4.891124696076976   449.49648040392475   35.561827709747725   1330.2844096759645 
  2030.0   828.7649373664959   1820.8714774136251   4.822213007543583   450.02900820926203   35.587281553953   1330.4329739572092 
  2031.0   829.4640269770805   1820.7260219073482   4.7847780845616175   449.81947702217184   35.580503547192265   1330.5412636165404 
  2032.0   830.4901285609158   1820.6526175713082   4.844800999248891   449.6476543136928   35.55542076293093   1330.6047424945634 
  2033.0   832.0900909501079   1821.4073597752326   4.856654080442124   450.2449731304012   35.57780718653668   1330.7279252536714 
  2034.0   832.6279725762519   1820.5632731495018   4.741410155230459   449.43387306930504   35.56430712204133   1330.8236826849818 
  2035.0   834.1205323987131   1821.552502403731   5.000470764642692   450.08375296128736   35.559926824758705   1330.9083519750493 
  2036.0   835.5195768730921   1823.5660358569633   4.91710619382779   451.8683777844211   35.65100692196224   1331.1295449705224 
  2037.0   836.5848724712635   1823.3391717792688   4.8168068416442   451.5560335843413   35.671028260159844   1331.2953036920983 
  2038.0   837.6773673154607   1824.247640645299   4.912737200211919   452.1795301983954   35.6904057311106   1331.4649672715682 
  2039.0   838.0272764186474   1824.3104122528807   4.773291316895166   452.17764958600947   35.7102665218018   1331.649204531613 
  2040.0   838.2356819694998   1824.0139448412951   4.746919366392314   451.7766106951431   35.69755471591916   1331.7928604041451 
  2041.0   838.4635389722024   1823.064072623074   4.731310515871015   450.8001191795638   35.65146018372161   1331.8811834293974 
  2042.0   838.7569162461933   1822.797958536509   4.832053563557734   450.414944933409   35.60700844659118   1331.94395221887 
  2043.0   839.9194358788666   1823.883691606487   4.89202401731004   451.28322429444194   35.629752664865485   1332.078691016445 
  2044.0   840.8756028721299   1825.0250328226373   4.895136076991585   452.20169249348413   35.67229796818168   1332.2559069515696 
  2045.0   841.3379832521374   1824.485531768692   4.715638771461068   451.68499564056043   35.67845854172404   1332.4064380353 
  2046.0   842.186946196161   1823.4156740236797   4.8409931881491515   450.5198789727074   35.61343244774428   1332.4413693458416 
  2047.0   843.5095608956611   1823.4657781142548   4.797739761753988   450.54036647919423   35.60785455062054   1332.5198160576538 
  2048.0   845.5500401144052   1825.4004000279187   4.9860358132358735   452.12723510258627   35.64209834606762   1332.6450310606367 
  2049.0   846.4318191205615   1827.3198829019004   4.867567504671134   453.82886766996364   35.73920529208656   1332.8842425951998 
  2050.0   845.8495649047339   1825.2297408237778   4.632025151288084   451.9074327775625   35.701836043150365   1332.988447084944 
  2051.0   846.9765503150176   1825.3051696571008   4.921576608433927   451.69153604042594   35.65111783710472   1333.040938515888 
  2052.0   848.7421084671967   1827.3578158361224   4.902096497850198   453.44983955767236   35.73595085366662   1333.2699287219166 
  2053.0   849.1828682265312   1825.6080561893934   4.702791860661566   451.81890720673033   35.707501817637876   1333.3788543657374 
  2054.0   850.3772325035716   1826.2237292446462   4.950295008656346   452.11686099924907   35.6888603949875   1333.4677129109882 
  2055.0   851.9290261912518   1827.5002266984454   4.899580805609791   453.2222376817505   35.735087132450865   1333.643321623956 
  2056.0   852.6028034364836   1828.3511673292494   4.825505547742598   453.9023373735745   35.777380654835476   1333.8459438522661 
  2057.0   853.2115229215411   1828.3857981402737   4.804468926734599   453.7923113901934   35.7781465761437   1334.0108705677867 
  2058.0   853.9036853145915   1829.0399465896683   4.834502238448798   454.21859079174925   35.791287163589374   1334.1955667513228 
  2059.0   855.3440283414993   1829.4125485678178   4.795969165479109   454.41388635788076   35.80648772547184   1334.3962049228332 
  2060.0   855.6075063851438   1828.3924362937425   4.712955167886447   453.3562875513954   35.780134463073914   1334.5430591510044 
  2061.0   855.9761048539997   1826.7034776643457   4.717918937252558   451.7006502055779   35.70046457758631   1334.5844433455857 
  2062.0   857.1663705857026   1826.9667373355758   4.834227126501122   451.8111549028042   35.67147761992712   1334.6498766120687 
  2063.0   858.2123364535635   1826.752170523065   4.780860656785115   451.5949667718108   35.65424997047837   1334.722092552369 
  2064.0   859.6615342732207   1827.4407219070274   4.860208725959252   452.11757923214185   35.65580385343874   1334.8071296763512 
  2065.0   860.8176743279851   1827.8551131344373   4.789004694801881   452.4537851024534   35.677843041883506   1334.9344798448801 
  2066.0   862.2603948438207   1827.4021495813129   4.779381397924638   451.9550079735036   35.65838559370728   1335.0093741039398 
  2067.0   863.6965730381272   1828.392966982514   4.89432968155203   452.71936376494386   35.6676415623338   1335.1116330363361 
  2068.0   864.6597584306377   1830.5310145439278   4.947256097548701   454.5245886274388   35.7404718732796   1335.3186980089463 
  2069.0   865.508748875371   1832.0515394528138   4.894509217052905   455.78591140484025   35.81324207746016   1335.5578753020905 
  2070.0   866.9552405338301   1833.4645451911213   4.9217847839391995   456.86180890226893   35.87285737067563   1335.8080965862089 
  2071.0   867.108079496279   1833.1531757189762   4.78112169657373   456.4634391118925   35.88825384204015   1336.0203614927734 
  2072.0   868.0632928203902   1833.7549316155676   4.863985488150521   456.77886655319986   35.89617623242508   1336.215904148236 
  2073.0   868.5781693126153   1833.6876740271707   4.755669057867289   456.5998272545573   35.90787653437044   1336.4243008434353 
  2074.0   868.3556115271373   1831.753766627095   4.638702000605273   454.74518692622155   35.8416743513776   1336.5282030943222 
  2075.0   868.646087795387   1829.2475754674936   4.698796170435226   452.3588796453907   35.706747926264704   1336.4831501480148 
  2076.0   869.7320351874532   1829.538571413799   4.788353743347344   452.5694376714523   35.67447742733235   1336.5063014946875 
  2077.0   870.5649285042622   1830.3973679617989   4.805127578785887   453.3354991198675   35.685521581114365   1336.5712183828289 
  2078.0   871.0433142731227   1830.562112846453   4.718128202523786   453.494324996442   35.69731626771543   1336.6523436862435 
  2079.0   872.5529120213255   1830.2764505853845   4.781349694795095   453.1294261294947   35.67549990061871   1336.69017468871 
  2080.0   874.9297806356567   1831.0169334850234   4.843203937619275   453.6749936452423   35.69843689097247   1336.8002987746172 
  2081.0   876.5743715866247   1831.6293627990233   4.858584349205886   454.12216438237516   35.721938306899396   1336.9266744746678 
  2082.0   877.2154617872806   1831.3677332704951   4.729234918937334   453.8832651523262   35.72692416097998   1337.0283091042143 
  2083.0   877.9908726255444   1830.2097102047012   4.72018541743243   452.75834682384345   35.679397826034005   1337.051779671572 
  2086.0   880.5997029027126   1831.7715920448468   4.880440097000781   453.9715445381889   35.69337072345387   1337.2262341493852 
  2087.0   880.6105280427681   1828.9180329036349   4.528377524594964   451.50267191088255   35.644484111614254   1337.2424998198164 
  2088.0   881.2409297599972   1826.6517953083587   4.667785633165406   449.380017149254   35.516427462953914   1337.0875654104198 
  2089.0   882.3844734387573   1827.8433626723472   4.860426472906303   450.42950792008327   35.50709048915957   1337.046339809479 
  2090.0   882.4554865034219   1827.9142594250332   4.721161661145961   450.6083423656645   35.526252629637206   1337.0585020810354 
  2091.0   883.1201517384586   1828.2319120828588   4.760657764812401   450.9211332537007   35.52330070524296   1337.0268213481147 
  2092.0   883.4685967600685   1827.7425804182565   4.690135761824755   450.5587329750817   35.5089711002516   1336.9847405260246 
  2093.0   885.0436353080709   1826.935743031562   4.736887398282944   449.8447229226866   35.46662784851093   1336.887504909277 
  2094.0   885.9917666197703   1826.6807117039864   4.752029478982997   449.6641785788068   35.44731188446895   1336.8171924256703 
  2095.0   887.2306734169866   1829.0072434465053   4.90549598894756   451.758350316041   35.50260865522902   1336.8407891592492 
  2096.0   887.1631583938333   1828.9364290976787   4.687521961471454   451.8107158442732   35.54380856603107   1336.8943817899606 
  2097.0   888.2475315455218   1827.881097677828   4.783459709961121   450.83270135043927   35.48405713399229   1336.7808803735388 
  2098.0   888.9403209959361   1828.8185459296549   4.74889560766737   451.7584971053866   35.5233250290501   1336.7878270400342 
  2099.0   889.8642516812055   1828.9113777549667   4.7972017758829475   451.80726518270376   35.52756569615514   1336.7793454723717 
  2100.0   890.2450248082506   1828.613933744231   4.667993678441099   451.5799187318772   35.54788776918806   1336.8181315908027 
  2101.0   890.4375097374824   1827.1577322338112   4.6828144043016575   450.2630352396925   35.485547273178696   1336.7263353916048 
  2102.0   891.9719976755439   1828.1393721054899   4.893299581455345   451.11376610890505   35.47418261430447   1336.6581237051346 
  2103.0   892.7417985181822   1830.2379691223261   4.858703200944547   453.0857492960148   35.55694774457066   1336.7365683524347 
  2104.0   892.8108292923167   1828.8364315359088   4.6090626058231745   451.9326009472583   35.552810933443375   1336.741956476514 
  2105.0   893.4866679774807   1827.3217808155348   4.730809894274451   450.5238617797496   35.47016211284589   1336.5969472038196 
  2106.0   895.3655267944507   1828.8669624091185   4.828645034115444   451.93563441325466   35.509909161193775   1336.592774852662 
  2107.0   896.0471630326206   1828.9163612616558   4.68586270826048   452.072054732524   35.53935845332439   1336.619084900821 
  2108.0   896.4544597039159   1826.9376026005891   4.595018092089206   450.3412193647298   35.47544772470957   1336.5259172158326 
  2109.0   898.0893518429237   1827.6675173566614   4.822425359761437   450.94149264315575   35.45256151165371   1336.4510377159909 
  2111.0   900.6862702954833   1828.0549956099208   4.697621182991656   451.36575262301784   35.49669351490417   1336.4949296546376 
  2112.0   902.1096043136307   1828.3422510436667   4.80443491867824   451.5852031034857   35.48551832967357   1336.467093337114 
  2113.0   903.6822664565889   1830.605431886236   4.815533506024424   453.62313628305895   35.57454130710098   1336.5922222007541 
  2114.0   904.1468532369586   1829.2563274727372   4.661314845642755   452.4122924557612   35.56102454806496   1336.621696159724 
  2115.0   905.2935378955797   1828.4417930791976   4.765614852560387   451.5982535492212   35.50683637399987   1336.5710915589914 
  2116.0   906.12015100719   1829.5158823822007   4.733434160065312   452.6107202585264   35.542649870453786   1336.6290793975 
  2117.0   905.872091181168   1826.937740863163   4.560291421614862   450.38095463970814   35.461588810006134   1336.5349072873107 
  2119.0   908.4062237524097   1827.3641148149886   4.71924114843804   450.87797364155864   35.41436121399475   1336.3525365808766 
  2120.0   909.1214498684095   1827.5665294952914   4.685487225294131   451.10498156942714   35.43252528674347   1336.3435346974197 
  2121.0   910.7558745123795   1827.815922408573   4.764825514180976   451.27180858758817   35.441772589587984   1336.3375168100238 
  2122.0   911.5120942052703   1826.4779290756956   4.612038113323606   450.16913132146834   35.41519225967897   1336.281567464491 
  2123.0   912.6447676479337   1825.9444445129154   4.739036245177569   449.700121816066   35.3577137495808   1336.147572952297 
  2124.0   914.0421008147324   1826.203127621831   4.723609312302235   450.0488047047353   35.35861859565223   1336.072096223861 
  2125.0   915.6729683078378   1827.5613151699645   4.785660921290665   451.30355802004607   35.40299284374065   1336.0691043876272 
  2126.0   916.727916186978   1828.2554152703499   4.719089050760036   452.00566987823515   35.4415336175153   1336.0891243275385 
  2127.0   917.2151969529049   1827.6990145823886   4.708372467933723   451.51666117022774   35.42755477011818   1336.0464249748643 
  2129.0   918.8278676020415   1828.7144508094814   4.7724636248070915   452.4857535606212   35.44446115926456   1336.0117720316307 
  2130.0   919.656128593364   1829.512135069812   4.732210092233889   453.1968390641958   35.49454974794803   1336.0885356618492 
  2131.0   919.6946797142432   1828.147536830373   4.591705166403923   452.0088582902859   35.46785101946048   1336.0791223064975 
  2132.0   920.8043599578655   1827.7034853241544   4.754426537239078   451.52090795382435   35.42009430405419   1336.0080562043481 
  2133.0   921.567253602739   1827.3500993015812   4.701916887846053   451.24857203883926   35.415251544533874   1335.9843582491014 
  2134.0   923.0782605249966   1827.769033584167   4.778284749342447   451.62907796076775   35.413629515903615   1335.9480413210397 
  2137.0   924.8034876901551   1825.654019759155   4.701468414736883   449.85444730458806   35.32529531827908   1335.7728090904627 
  2138.0   926.3021128983415   1827.5563833048132   4.779471459084127   451.64078329441725   35.37319077325341   1335.7629370569866 
  2139.0   926.8851977805091   1825.9448575696376   4.566535066351967   450.3340398997403   35.355954758828204   1335.6883284571904 
  2140.0   928.0099316885693   1825.0935667470176   4.728638906775063   449.56112132245977   35.29037024658819   1335.5134359125752 
  2142.0   930.7466224456077   1825.5441133322145   4.580757139006276   450.22988495236376   35.3295877898188   1335.4038817635944 
  2143.0   931.8897589103567   1824.1088441045142   4.632768250923533   449.0043638883908   35.259089926060405   1335.212623129814 
  2144.0   933.3401350885206   1825.351012466378   4.7602644700258185   450.17606090325427   35.28030936026747   1335.1343761675198 
  2146.0   933.3709173170255   1822.3236910950932   4.531387195632648   447.7865134574106   35.185145107903146   1334.820645304029 
  2147.0   933.72486364297   1819.7915684361817   4.5745437840743515   445.6889203137592   35.057716728740324   1334.470387821267 
  2148.0   935.3111209872111   1820.5101503374237   4.726843456336696   446.5366108942086   35.04104471991853   1334.205650858674 
  2149.0   936.991361930478   1822.3414193307983   4.712329597620982   448.3919809840095   35.12044611676015   1334.1166631556111 
  2150.0   937.9643699836724   1822.5072496158284   4.587672680253709   448.6997001205971   35.1714610007114   1334.0484152585727 
  2153.0   940.0670907611315   1821.054815670178   4.604135109374875   447.9000485044684   35.106540226896676   1333.444091787734 
  2154.0   940.799781780757   1820.698878599482   4.645645040963209   447.7051320083886   35.0908213954757   1333.257279646087 
  2155.0   942.074356331145   1820.7177893837345   4.638270835611507   447.8788567872559   35.09942124215164   1333.1012416109877 
  2158.0   944.0093898312886   1818.8846040975009   4.630931636450354   446.6700816642797   35.031357309721   1332.552233392247 
  2159.0   944.935769282438   1818.3608248442888   4.61435414650907   446.4213586828932   35.00682720096461   1332.318284014281 
  2160.0   945.3667484528901   1817.9975667208505   4.6213594181354765   446.3040043630733   34.97962665498251   1332.0925751695497 
  2161.0   948.0540047817811   1819.0621916188884   4.736950798692561   447.41340270260264   35.0060816344603   1331.9057562351907 
  2162.0   950.0957600579302   1820.1148980987582   4.726084917092959   448.50758843812406   35.06458870350231   1331.8166353587917 
  2166.0   954.1012420647596   1821.068982779568   4.738584354243482   449.6033769835069   35.153499662392406   1331.5735226167258 
  2167.0   955.418394032165   1822.2267719008905   4.7287912162446855   450.7726603954273   35.19621659696353   1331.5291038974672 
  2168.0   955.9541675937577   1821.4726797192468   4.581191576839842   450.2553955751509   35.193916140486415   1331.442176476862 
  2169.0   956.7031629095088   1819.3372935070051   4.543975493072942   448.45357873422915   35.11260760840495   1331.2271302620163 
  2170.0   957.7319191500081   1817.9682615570598   4.5603216388351   447.39081302168967   35.04419067874531   1330.9729371603864 
  2171.0   958.6221214771103   1817.625497569374   4.586554515635314   447.31348220103774   35.00400232218062   1330.7214579986883 
  2172.0   959.0191384778831   1816.2353842606724   4.532783544157435   446.32246897871056   34.95169514909914   1330.4284379306985 
  2173.0   959.7346676730618   1816.0915458574248   4.6561602321778945   446.4201406066204   34.90829323943445   1330.1069520861415 
  2174.0   960.6975505288942   1816.4182199069662   4.596849751542795   446.9991093777179   34.9327404389345   1329.8895201367206 
  2175.0   961.2886515251844   1816.229139627892   4.524873242885928   447.08557621316453   34.94353796104283   1329.6751526383728 
  2176.0   961.8586390978301   1815.1387715425901   4.5809998468762005   446.2800363780933   34.90000462842003   1329.3777313597918 
