 year   CV   CS   DPM   RPM   BIO   HUM
  1945.0   739.0563492357778   1786.743992715746   4.848592675204553   437.2588719000188   35.01122871486638   1309.6252985023987 
  1946.0   739.795169982345   1786.4178802635154   4.85160119665142   436.8003703097544   34.98569000921202   1309.780218855845 
  1947.0   740.7742431963875   1786.7969254804066   4.922875521341897   436.9538295487011   34.978535354291196   1309.9416863501112 
  1948.0   741.355688369971   1787.0069315203505   4.872663801634721   437.04538464210736   34.9800076502574   1310.108874814281 
  1949.0   742.5141177058927   1787.1014056694833   4.88895015752045   436.9988728559181   34.96542979218063   1310.2481526586146 
  1950.0   743.8815818952805   1787.7854602399157   4.954673810507645   437.44008208359276   34.97742725587837   1310.4132757293576 
  1951.0   744.6011001232501   1789.3474797764532   4.953979299705638   438.72582515897614   35.03156271830858   1310.6361114166507 
  1952.0   744.7320741393723   1790.1272250571028   4.90099313808021   439.3144582983057   35.063142454051786   1310.8486309329592 
  1953.0   744.7566361878104   1790.5266749024815   4.893348098901513   439.50245558161214   35.080587545511875   1311.0502851669235 
  1954.0   744.7787136623814   1790.5723648553085   4.862124987723891   439.37777898918375   35.087953561067735   1311.2445072998908 
  1955.0   744.5111006817621   1790.5748428189056   4.870375692946296   439.2009827124856   35.080777171965366   1311.422707663626 
  1956.0   744.2244970763204   1790.7356653675984   4.8781571820573   439.1766687254712   35.08098500373345   1311.5998527319541 
  1957.0   744.129864747027   1790.1508641115265   4.822689017302471   438.50242455773986   35.06822347536903   1311.757527077259 
  1958.0   743.91860003101   1789.2227140996322   4.839793773601194   437.5157272946312   35.01765828107723   1311.8495342413012 
  1959.0   743.9625950706757   1789.449013460112   4.943665446059174   437.573797917313   34.99408312533389   1311.937465954685 
  1960.0   744.3236377075175   1790.9386713542408   4.958564770298508   438.8283697160338   35.04257805847641   1312.1091597735144 
  1961.0   744.3995917969748   1791.7273879988102   4.893533200165171   439.4535603152125   35.08302342659881   1312.2972710746913 
  1962.0   744.4971724524298   1792.0384077693786   4.872017582613328   439.5889704299545   35.10167830360153   1312.4757405662658 
  1963.0   744.5699715650164   1791.649719353892   4.818410150202429   439.0972647255108   35.09840206107562   1312.6356432387233 
  1964.0   743.921721556104   1790.4723413845777   4.774946975083067   437.9242969525891   35.05008061807692   1312.7230181302052 
  1965.0   743.7087846840694   1790.5250346629778   4.921906513663746   437.7890713787793   35.016474036342615   1312.797580624864 
  1966.0   743.0746619272162   1791.3401514907346   4.855706630560131   438.5011437214115   35.041532195249964   1312.941768474973 
  1967.0   742.0615684117225   1791.287714099306   4.774591504043255   438.4183329933464   35.03796511869178   1313.0568238034798 
  1968.0   741.5283501049394   1791.5739358937867   4.82366700921193   438.5473705675452   35.03511067507432   1313.1677855016571 
  1969.0   741.7652071865009   1792.4632019200671   4.9121150237924995   439.18829902837314   35.054572639532125   1313.3082148829194 
  1970.0   741.7537995508256   1793.2538957691472   4.867576188056249   439.8025478944614   35.09353002161923   1313.4902426313595 
  1971.0   741.7435799883343   1793.0414726930126   4.793941905057959   439.50897648232916   35.09624382605395   1313.642311791001 
  1972.0   742.4701455180386   1792.8245336469772   4.923604032374292   439.0578528897016   35.079300873258184   1313.7637757524199 
  1973.0   742.8811139994442   1793.5894545679882   4.912272443824347   439.602005802658   35.11804179842938   1313.9571354341892 
  1974.0   742.6988336343513   1792.275782545827   4.749343691606437   438.37001707585387   35.08848670488682   1314.0679347639307 
  1975.0   743.0240487335002   1792.0593251993498   4.919051315449088   437.9470240056276   35.04997068780127   1314.1432791496748 
  1976.0   743.4681275476977   1793.4809088730021   4.957168791679007   439.1088882640165   35.09609711286231   1314.3187547686816 
  1977.0   743.5383844786908   1793.4140661753077   4.834672417549559   438.99480344174236   35.10988895461921   1314.4747019466415 
  1978.0   743.8908645427867   1792.2934576257169   4.81457673982494   437.8628988653706   35.066614937051476   1314.5493663119562 
  1979.0   744.5886896550293   1792.486427855664   4.880077701505767   437.89748748527876   35.05935157095353   1314.6495105618235 
  1980.0   745.0645166697045   1793.4693426285055   4.921742278783194   438.65741743303823   35.0882754625917   1314.8019082474714 
  1981.0   745.2280754310669   1795.0195858620127   4.974154052811245   439.9117716082311   35.13777370153945   1314.9958866316695 
  1982.0   745.1588697159337   1795.3214917699565   4.8200913600352155   440.1183763232028   35.176403926027696   1315.2066202134622 
  1983.0   745.755115352154   1795.2704734224649   4.8626724660680045   439.86652927619775   35.17051273915401   1315.3707595332542 
  1984.0   745.4541075930923   1794.7860482443302   4.7896617456102275   439.3031451563594   35.162300589121514   1315.5309415373242 
  1985.0   745.3987525578248   1794.1928923807284   4.822425421066559   438.5995077927103   35.12612559857485   1315.6448346063753 
  1986.0   745.6363946769228   1795.2239645375766   4.964263260910076   439.3375735922665   35.13001409181415   1315.7921131352061 
  1987.0   745.6865887960671   1796.1918072618796   4.911515652285375   440.10844850561614   35.1712606134784   1316.0005823104964 
  1988.0   744.9526120480793   1795.4487650707915   4.787197918176035   439.3436305343931   35.16267832546376   1316.1552589008286 
  1989.0   744.804665218737   1795.0140457644757   4.9588401762874   438.71635536199744   35.11151039543537   1316.227338072028 
  1990.0   744.9988897900087   1797.0302518344122   5.056348458212692   440.383036149021   35.167694598565035   1316.4231737479718 
  1991.0   744.8454985493272   1798.5782392736924   4.952227010855461   441.72195306846504   35.23794626593852   1316.6661124866284 
  1992.0   744.9512701303852   1799.1107434182736   4.89329792624296   442.04979096250537   35.273232270824565   1316.8944223694455 
  1993.0   744.9150675052786   1798.4328357550603   4.8207163476849635   441.24224644330036   35.27263172091432   1317.0972412149324 
  1994.0   744.7445853862881   1797.7138804513645   4.839531946048877   440.3958848857034   35.23716763012039   1317.2412950112 
  1995.0   744.8585407861331   1798.0577829848173   4.900670968888048   440.52032680090423   35.231625357400866   1317.405159825189 
  1996.0   744.261068660107   1798.0199968596087   4.82484907682173   440.3751320447924   35.234714098205146   1317.5853007498074 
  1997.0   744.0994827245287   1797.4546226666785   4.80689710388694   439.69974984440313   35.212379856176916   1317.7355960330606 
  1998.0   744.19175897072   1797.179582414481   4.911648195633316   439.23080481250526   35.179995865930785   1317.8571339854243 
  1999.0   743.6948951517104   1798.178081803587   4.925103256742765   440.01283948679156   35.20290222951047   1318.0372360770752 
  2000.0   742.6121487966809   1797.148984703636   4.802504860436021   439.0161376311168   35.17341776689597   1318.1569235477853 
  2001.0   742.520598610034   1797.283441088312   4.915034272911178   438.9525323423334   35.152257189009774   1318.263618622032 
  2002.0   742.1079542259422   1797.7423332317717   4.906624187211467   439.26838559671245   35.16302027982012   1318.4043032222785 
  2003.0   741.6141268041431   1798.5194429330593   4.882082725561268   439.88423504156657   35.183028925924845   1318.5700954156891 
  2004.0   741.1400756361232   1799.245068941418   4.904838338451978   440.40620931939463   35.19743368925034   1318.7365877124196 
  2005.0   741.3278219389138   1799.8938426953564   4.952061763052154   440.796755306428   35.22092097435093   1318.9241042917877 
  2006.0   741.7495391149506   1800.5666385712186   4.944579414444559   441.2283246042796   35.256626327392866   1319.1371081397297 
  2007.0   741.7032933929272   1800.439027283544   4.840220270233572   440.9785044329455   35.27595176618646   1319.3443519552711 
  2008.0   741.7329630116537   1800.1887539533147   4.935354114349755   440.5092033455641   35.25227955737282   1319.491916579778 
  2009.0   741.3356833903292   1800.8053975097648   4.925536586668454   440.9241132958848   35.270640400467165   1319.6851083198383 
  2010.0   741.0359155992062   1801.4677938799073   4.94646174225494   441.3564555410522   35.28709021729984   1319.8777859171823 
  2011.0   740.4442770587067   1800.7589221024848   4.832449368886909   440.6251761059844   35.26947923930055   1320.031815679457 
  2012.0   740.8623969002006   1800.548172853626   4.939273425620233   440.2170696369395   35.23783134279799   1320.1539982789532 
  2013.0   741.2905706691175   1801.257246650937   4.904928301185886   440.7486000991813   35.263329296814184   1320.3403890770937 
  2014.0   740.6346773805543   1800.9581209945977   4.826896636372502   440.3781640776955   35.256746074353615   1320.4963124627768 
  2015.0   740.4530547273491   1801.1112129605658   4.910325313730013   440.327154390101   35.24208194418872   1320.6316513189176 
  2016.0   740.3562775795565   1801.4929254486005   4.895258871518012   440.5355206984418   35.25781978147568   1320.8043251143445 
  2017.0   740.1815822755397   1801.6461867307696   4.899848498917458   440.5187308836994   35.26003883856016   1320.9675664548565 
  2018.0   740.3951387305016   1802.8546028056182   4.951270222766051   441.42675753847345   35.297649869906635   1321.1789262815164 
  2019.0   739.6402725419368   1801.5268266885562   4.7424347179031345   440.1774567677356   35.277361208586335   1321.329574795778 
  2020.0   739.6247944275692   1800.9846403375284   4.9331426726530845   439.4440554056669   35.21376199860091   1321.393681492097 
  2021.0   739.8554802887531   1803.084086315485   5.014843721723282   441.1951912725171   35.273473410239454   1321.6005786503274 
  2022.0   739.643869536135   1803.5982636260087   4.856315141569714   441.6001655195571   35.320466705914825   1321.821315864257 
  2023.0   739.2258846054261   1802.352774468741   4.769856350353568   440.33956614607627   35.287081013623094   1321.956269502874 
  2024.0   739.1937742505862   1801.2603879473297   4.81923974513847   439.1629970424421   35.23023971692337   1322.0479106373703 
  2025.0   739.6743751541455   1801.8074370586503   4.9444717538528   439.4590329148528   35.22493497463912   1322.1789971096696 
  2026.0   739.9066713270894   1802.3674457325196   4.9057243538833255   439.867584157799   35.246770829153554   1322.347366650736 
  2027.0   739.6959277120433   1801.982145372755   4.835888451011406   439.4297031049473   35.234756167307765   1322.4817974047307 
  2028.0   739.7209842300932   1801.3449454328675   4.885747934968386   438.69323338386994   35.19462496977142   1322.571339260756 
  2029.0   739.4432431342542   1802.3802356170802   4.966268132583636   439.47940539127836   35.213129685351475   1322.7214331659209 
  2030.0   739.2138361828025   1802.6680877971312   4.935487877173066   439.6304427042218   35.22636781551017   1322.8757900768946 
  2031.0   739.3117914038568   1802.4720821013977   4.849299125673324   439.3745940334327   35.22798734750753   1323.0202003891518 
  2032.0   740.2017387012144   1802.7364451138649   4.909086081704149   439.4263050079052   35.23142353107792   1323.1696307803952 
  2033.0   740.349555198485   1802.6975983865   4.898168427147568   439.2596825588661   35.22928526030146   1323.3104620179997 
  2034.0   739.8298157633919   1801.8260908620182   4.846268023451032   438.38115510832114   35.194474108261176   1323.404192201013 
  2035.0   739.4801806267271   1802.040846900087   4.884743597675189   438.4609369926461   35.18425885439633   1323.510908953961 
  2036.0   738.8397081343879   1801.1208425790765   4.763016554932374   437.6122930047949   35.15197503709446   1323.593558574616 
  2037.0   739.8204472058413   1801.1709291320396   5.0034501260057285   437.4236860128513   35.10761508599262   1323.6361778595285 
  2038.0   740.8866155307247   1802.1492550590497   4.970045382850911   438.2482049543914   35.14836433595151   1323.7826411175386 
  2039.0   741.470837935436   1802.3355820335025   4.920002710842406   438.34724387222667   35.1613263120048   1323.9070088303788 
  2040.0   741.5754348018635   1802.5201594815885   4.871444455865432   438.4332592256065   35.17721898878824   1324.0382374048452 
  2041.0   741.7327278104322   1802.670897821211   4.949345639473164   438.41300218737575   35.167269984936674   1324.1412793121995 
  2042.0   741.5546185841969   1804.2466174345711   5.000290493417374   439.7039154967361   35.218013578813235   1324.3243988050538 
  2043.0   741.0429289429114   1804.63393044446   4.8938233522983445   439.9847323011572   35.249153913456105   1324.5062207308147 
  2044.0   739.4118292668811   1803.5183470658294   4.746334582061701   438.9281093843447   35.22036648573353   1324.6235358940746 
  2045.0   738.3939708034927   1803.0833723341593   4.87005451643402   438.34735303949293   35.172052962210415   1324.6939125692472 
  2046.0   737.5989660626329   1802.391429102873   4.788935650182334   437.6834195930296   35.14108549634959   1324.7779878932245 
  2047.0   737.4184610209695   1802.0983050729724   4.899915113657716   437.28417345881667   35.095391156032626   1324.8188257420297 
  2048.0   737.4537521512557   1803.0413777709462   4.95933233032571   438.04861975046987   35.111979936838004   1324.921446016928 
  2049.0   737.6795311703991   1803.9870764130624   4.979164233318497   438.8247014741526   35.14091007538638   1325.0423011456874 
  2050.0   737.2577059372726   1803.5847569788862   4.781420936485857   438.4854324514385   35.154761520164186   1325.1631431281728 
  2051.0   737.5841039087717   1803.031805325055   4.911595295544719   437.8107584970947   35.11234441987464   1325.1971080291369 
  2052.0   737.6211960095695   1803.426161833567   4.925447932971142   438.0987440866758   35.11910831690516   1325.282862789997 
  2053.0   737.7959361444412   1804.5731708503736   5.011370238472064   439.0310543563935   35.14427725094086   1325.386468686075 
  2054.0   737.7147577834143   1805.6272712008752   4.95986045201239   439.9329905909657   35.194165582964516   1325.540253338734 
  2055.0   737.070456117009   1805.8417895206635   4.926646013868465   440.0306296548816   35.21197968786852   1325.672535021302 
  2056.0   737.0578765295047   1806.547098228991   5.006312191378174   440.49887879633167   35.230842600703404   1325.8110639648612 
  2057.0   736.4641072514447   1806.8548205446054   4.9114533727125815   440.71260755928114   35.25917528098341   1325.9715843628464 
  2058.0   736.2478833583837   1806.5101565573775   4.867120412825519   440.2962629296744   35.25241042025272   1326.0943635528731 
  2059.0   736.2664187750393   1807.4739907295407   4.916067528839754   441.0179361690617   35.28269490223903   1326.2572902286827 
  2060.0   736.4517723886543   1806.784310251119   4.859277064161006   440.27327561671973   35.269012511945256   1326.3827447443723 
  2061.0   736.8193610359378   1807.2937247740729   5.000349226223762   440.5039047581169   35.27146618865909   1326.5180044552642 
  2062.0   736.8912034579366   1808.0092324091484   4.959171856376229   441.037709377634   35.30855931357363   1326.703793153059 
  2063.0   736.4694140037329   1808.4131277560407   4.903321985072343   441.27349420914186   35.33828229360963   1326.8980278886706 
  2064.0   735.2261412508011   1807.096845405735   4.799939147535646   439.99288931099187   35.299182735974405   1327.004834353133 
  2065.0   735.1368465553471   1807.0069537978907   4.923125840125607   439.73470477303874   35.26418223010467   1327.084941001309 
  2066.0   734.6584440505641   1806.2490233654132   4.814046942857862   439.0249147012041   35.24036609048615   1327.1696958598445 
  2067.0   734.8848291902111   1806.4836163578145   4.983748234915574   439.0515453168901   35.21484320103951   1327.2334806450567 
  2068.0   734.6012227025195   1806.9819619556765   4.907323623601667   439.46156940827746   35.24447626253646   1327.3685921741612 
  2069.0   733.9122026277803   1805.8435386127612   4.743688139588848   438.4305359260917   35.21965451855468   1327.4496604743013 
  2070.0   734.1679210771764   1805.0395557288714   4.9039588165578   437.5273386911041   35.15387924125839   1327.4543801381021 
  2071.0   734.6703167397478   1805.390859327846   4.876289339898612   437.82779993876613   35.156652058853474   1327.530117844879 
  2072.0   735.0618413562836   1806.5217759762925   5.00637030174255   438.7004170853419   35.179379168784436   1327.6356108820257 
  2073.0   734.826705324531   1806.9166176953406   4.896161178077192   439.04966128238055   35.208111811474595   1327.7626853284964 
  2074.0   734.5974052237439   1807.1392466198172   4.919710975529033   439.14744228213107   35.210788678493586   1327.86130506919 
  2075.0   733.850204131977   1807.894106210644   4.945720914848903   439.72520416379245   35.23354537128448   1327.9896365384382 
  2076.0   733.5746774800235   1808.3091548607993   4.9579769695581755   439.97676821568086   35.25185237176525   1328.122556671543 
  2077.0   733.7335139210919   1808.1301079224986   4.90002007409879   439.72226948747704   35.25753824780691   1328.2502789024409 
  2078.0   734.1303307502712   1808.1668852310338   4.918749158944397   439.6326943252809   35.254662518669846   1328.3607792890357 
  2079.0   734.3512171736008   1808.3966969252883   4.91531585536143   439.72560189807956   35.26580104523409   1328.4899777352255 
  2080.0   734.3734057584472   1807.6798920569825   4.842715469975839   439.0014456896927   35.24744192542878   1328.5882900143806 
  2081.0   734.4159616844921   1807.8666874843564   4.934060653640994   439.01995588097424   35.23286112185949   1328.6798095167765 
  2082.0   734.3853039889863   1807.2337663333344   4.811452526381399   438.43574379088886   35.21919251691912   1328.7673777786672 
  2083.0   734.4060694554781   1807.1474664260563   4.942482948353388   438.20428635958825   35.18660359920371   1328.8140933597458 
  2084.0   734.0813998170755   1807.9326304002439   4.936664972710063   438.8719505347622   35.20375503167635   1328.9202598295763 
  2085.0   734.2811009554191   1808.5983389967844   4.942256933962605   439.3806909427066   35.22924983735216   1329.0461423083718 
  2086.0   734.6333593886899   1809.3687650851464   4.980232322416472   439.9440207798822   35.25700314788262   1329.1875096650342 
  2087.0   734.2130846567609   1809.6243992394293   4.841129525667635   440.1463091184078   35.287909913818936   1329.3490509487344 
  2088.0   734.0103205550058   1808.144256999896   4.7898138938959525   438.71486369543743   35.236270797045606   1329.4033093144826 
  2089.0   734.2772520500126   1808.4506179465245   4.968585909029564   438.80668343690115   35.212435659493316   1329.4629139503475 
  2090.0   734.0737971553917   1808.7685723416748   4.866462978494386   439.0941461862933   35.23184647052571   1329.576117456045 
  2091.0   733.799731378401   1808.7033108107837   4.908011920848481   438.9328926480952   35.21639104777715   1329.6460155907614 
  2092.0   733.5445537148587   1809.0744666671244   4.958713187779852   439.1359860789553   35.22730339333256   1329.7524646823715 
  2093.0   733.5676135392308   1809.341676076228   4.909185009020269   439.32122508297107   35.244361002479934   1329.8669059785595 
  2094.0   733.586605197635   1809.4703408941466   4.935565048531953   439.3301259792844   35.24434075917904   1329.9603076745032 
  2095.0   733.5008844626295   1810.0980175318307   4.908475415080016   439.83123306460453   35.27016708215422   1330.0881432600818 
  2096.0   733.3658314528523   1809.6716619502918   4.82596782634233   439.3981886408171   35.261215255250875   1330.186289677167 
  2097.0   733.7548804534175   1809.6372969076494   4.89225292652548   439.21381419486545   35.25054876236222   1330.280681371933 
  2098.0   733.8282322197888   1809.139785147738   4.870860568424434   438.6687853002763   35.23399809419021   1330.3661394341805 
  2099.0   734.2617771347827   1809.4857269424979   5.019864329602655   438.79069479347197   35.22683576180812   1330.4483335158168 
  2100.0   733.862119923036   1810.3618580796451   4.937852537700875   439.5543196337064   35.26994210854174   1330.5997429850815 
  2101.0   734.0645339955659   1811.2095554924413   4.971071182770365   440.1959009977447   35.29664186513008   1330.7459425623263 
  2102.0   733.8734512438261   1812.0008467685293   4.95615550249218   440.8026283476712   35.32831688437501   1330.9137472843233 
  2103.0   733.443265339683   1810.9666639103077   4.821793698009128   439.8097654188464   35.307630681849666   1331.027473442397 
  2104.0   732.8447144764748   1811.046411477239   4.886594138805832   439.7427020468163   35.28840169867295   1331.128712660177 
  2105.0   732.2623171599645   1810.320617613744   4.812981594241801   439.02149247527336   35.26265913855974   1331.2234846475487 
  2106.0   732.2273571062327   1809.9992482724342   4.938408572231714   438.5271784911204   35.23182777872599   1331.3018324395764 
  2107.0   732.3162080524332   1810.140026701379   4.928582687232422   438.5628513106526   35.235446621689796   1331.4131456126731 
  2108.0   732.0432563352238   1810.5368234242574   4.889109894830895   438.85292835711766   35.25224757335981   1331.542538107235 
  2109.0   731.3796152411599   1809.7877078023173   4.794860901724434   438.1254143438826   35.23339572612732   1331.6340376489597 
  2110.0   731.0525731625104   1809.6151447503737   4.940610245302841   437.8025403712963   35.19360229503615   1331.678393831702 
  2111.0   731.0588119098819   1810.2083807955662   4.971340783870079   438.2623847583604   35.202867660265234   1331.7717862375316 
  2112.0   730.8762981649422   1810.2081228145182   4.845299190437903   438.26833086070195   35.21562773577382   1331.8788654291811 
  2113.0   729.9840819429094   1809.5364496734242   4.854128854102689   437.57147065727094   35.183037214072165   1331.9278111587096 
  2114.0   729.378526660003   1809.0012551414736   4.871266551414099   437.0421548090838   35.14294883735124   1331.94488598446 
  2115.0   728.9261860166528   1809.1195384715272   4.880803171552739   437.12090448198444   35.13355360500179   1331.9842775672648 
  2116.0   728.7669082249226   1809.5264059318952   4.96194649996817   437.41376356101364   35.12901080569577   1332.0216841712775 
  2117.0   729.0715535001569   1810.7134960991011   4.950806028547573   438.4726831428773   35.169621713573015   1332.1203860841192 
  2118.0   729.3390663087233   1810.605379500092   4.897257722915471   438.3222159819085   35.18096736852228   1332.204939245519 
  2119.0   729.8884551299694   1811.0789592343508   4.96433716089107   438.63153047665566   35.19293756469764   1332.290154578898 
  2120.0   730.6733924920101   1812.1701665183673   5.023618318591812   439.49597209087204   35.2318543504639   1332.4187204079228 
  2121.0   731.265747105528   1812.5167931321369   4.88630956746425   439.7770697273978   35.274147355912255   1332.5792669510452 
  2122.0   731.8038968132937   1812.9495548914274   4.988670030658984   439.9909734924103   35.27674508464428   1332.6931669820392 
  2123.0   731.6432036065177   1813.6719737833828   4.968527907279485   440.5502197356662   35.306753641430504   1332.8464725931408 
  2124.0   731.6782607604105   1813.593385323437   4.9215839930678005   440.37659575319157   35.3155920847193   1332.9796116476184 
  2125.0   731.6755824963242   1813.8235275513082   4.935096207819551   440.44859080756316   35.323061456901975   1333.1167783862818 
  2126.0   731.8608055877492   1813.7491519446276   4.913699769884114   440.2575414142348   35.32677792638594   1333.25113276315 
  2127.0   731.620931167193   1814.2454704612965   4.92646003740756   440.5711435501493   35.34251018489032   1333.4053587073295 
  2128.0   730.8439758727087   1813.163372710111   4.850259513766645   439.48941358442295   35.313029756060175   1333.5106701441598 
  2129.0   730.8970919963889   1812.175625309667   4.909418355667544   438.45105387540525   35.258211957406864   1333.5569400072022 
  2130.0   730.9015586176746   1812.2332493619108   4.932044482395661   438.4223568465245   35.24508615005218   1333.633762045158 
  2131.0   730.3254549017046   1811.500363028273   4.799846617487253   437.7953326105081   35.219431786888364   1333.6857524946195 
  2132.0   730.7190807828855   1811.5619986701713   4.9649520901786035   437.703711009244   35.18573171220124   1333.7076033350315 
  2133.0   730.4646384986421   1811.9413975649802   4.90071010934733   438.0467137251763   35.20186438473882   1333.7921087709433 
  2134.0   729.9255279155653   1812.323425462883   4.937714400340694   438.3197782601735   35.20504107328527   1333.8608905935148 
  2135.0   729.2431904916972   1812.3993829170922   4.8673381078045095   438.3920117307724   35.20615977736997   1333.9338740677613 
  2136.0   729.3519814479837   1812.6975966834848   4.962425323410702   438.52542409397995   35.2053245114333   1334.0044233237952 
  2137.0   729.3416683233157   1813.0033743403717   4.896227741743319   438.7454583311158   35.23734074114111   1334.1243465735668 
  2138.0   729.2657483794701   1813.498904284362   5.042141203172409   439.0274178075378   35.23346602426777   1334.1958790410688 
  2139.0   729.2600828141495   1814.5904770957145   5.010598297772784   439.95310091340434   35.28353156395608   1334.343246488472 
  2140.0   727.9724666610344   1814.7951416539124   4.907841946037059   440.0973952815018   35.30789483555527   1334.4820081955659 
  2141.0   727.591902689749   1813.7975630367196   4.906884533935812   439.06786097246726   35.273987382701975   1334.548830562057 
  2142.0   727.9143371194376   1813.4153943644067   4.927721165866289   438.6239978111762   35.254354322903396   1334.6093206892115 
  2143.0   728.0286669591636   1814.115511923361   5.017329411828178   439.14246681644335   35.26309269479852   1334.6926236572992 
  2144.0   727.5211539211236   1814.2603019871376   4.926811253777716   439.2674468440373   35.27525627281994   1334.7907867182048 
  2145.0   727.6298511518823   1814.3109142502099   4.995588832599399   439.18338571751923   35.268181048188076   1334.8637598270925 
  2146.0   727.9496998370523   1815.2863813746915   5.0271030753741925   439.97918884518157   35.29954518779711   1334.9805432513942 
  2147.0   728.2453974238987   1816.7153428754907   5.056347326029932   441.16524818325735   35.35333118687692   1335.1404160210898 
  2148.0   727.601679412796   1817.2052775399184   4.937469006025943   441.56949665320656   35.39167704548283   1335.306634139043 
  2149.0   727.7417663987953   1817.0153387141754   4.950641554519515   441.24362599235843   35.38850609601722   1335.4325638958114 
  2150.0   728.0160550300645   1816.7733452479847   4.912349988580574   440.8945569592478   35.39316837491719   1335.573269152925 
  2151.0   728.5741356454081   1816.670473450618   4.988547196691687   440.621761351519   35.37723722663713   1335.6829278294497 
  2152.0   729.2837182214045   1817.2814484565392   5.034373702463825   441.0279049555709   35.39374799007397   1335.825420487553 
  2153.0   729.174627521438   1817.381487044464   4.919331853751746   441.0708650344248   35.41292735267141   1335.9783633998836 
  2154.0   728.6819039491824   1816.4926070885792   4.86717689169172   440.1747136299181   35.38143139361309   1336.0692849545808 
  2155.0   728.1571940194692   1816.7413105343799   4.948032291484441   440.2505849356879   35.37019584313345   1336.1724975289842 
  2156.0   728.7114576631394   1816.947718001523   4.964024187613286   440.33182693400187   35.37067534062844   1336.2811929827708 
  2157.0   729.6907785215615   1818.6947895502376   5.127457191146497   441.7138667287618   35.413521783143715   1336.4399432817997 
  2158.0   729.3313739055274   1820.071030085331   5.011846379801728   442.9072341492289   35.48670037959992   1336.6652473272027 
  2159.0   728.7178168975119   1820.4842478941587   4.994489559808637   443.13010840534685   35.50939629356019   1336.850253971732 
  2160.0   728.2183794667029   1820.6554855732388   4.940199623676002   443.16101518483606   35.520668842482884   1337.0336019617348 
  2161.0   727.3483409591458   1819.1924500034338   4.792951351963709   441.7568560257186   35.48289345143263   1337.1597485942204 
  2162.0   727.0798870656816   1818.0493418070573   4.9104647724553665   440.52739312613306   35.405636306174536   1337.2058475856816 
  2163.0   727.4249703667535   1818.4654919331256   5.0138210506928536   440.73375851183204   35.401259580816465   1337.316653218349 
  2164.0   727.5025964639449   1818.9980853485224   4.974212635302146   441.12758879293517   35.42718805473262   1337.469096834499 
  2165.0   727.8191274258666   1819.4229249763428   5.005118064473451   441.3678621001738   35.43855225778067   1337.6113917104171 
  2166.0   727.9531390566667   1819.2398106019803   4.890183458326732   441.13888179806935   35.44759726452135   1337.7631478128967 
  2167.0   728.2528445861219   1819.7977868921291   5.039252092510052   441.41910360469376   35.44468687075068   1337.894742656826 
  2168.0   727.857291361722   1819.6214713392344   4.88491386007897   441.22720043529745   35.45737897494552   1338.0519789021605 
  2169.0   727.9839983572343   1819.2977810094271   4.955267912391083   440.7570990183384   35.43104027085446   1338.1543757714285 
  2170.0   728.189837272236   1819.6179247569082   5.004785736343071   440.90574274057155   35.42967444532443   1338.2777226811872 
  2171.0   728.2538365727017   1819.9766576991706   4.9713614525078205   441.1541256505858   35.43956010312446   1338.4116093216396 
  2172.0   728.4080961519525   1820.7948645864756   5.036718909781994   441.74874581472716   35.456469861171705   1338.552929976841 
  2173.0   728.0387585795296   1821.6943697509935   4.974832221527846   442.47635883966234   35.50210796816335   1338.7410689936237 
  2174.0   727.4093538113067   1821.5313057175229   4.935816847062325   442.2041459558045   35.5021623176084   1338.88918006199 
  2175.0   727.3648997958456   1821.5589437397732   4.987576721058432   442.0489986520247   35.49483812391572   1339.027529722571 
  2176.0   727.0902676673696   1821.6812644883742   4.931930527611593   442.0515131505383   35.50769404361492   1339.1901278652708 
  2177.0   726.3467660269233   1820.5100851250593   4.857653995950099   440.9099184404928   35.46356032978852   1339.278951717376 
  2178.0   726.0689276092883   1819.5426475696372   4.865148370118785   439.9279622255366   35.41061572207377   1339.3389216581713 
  2179.0   725.9865121362236   1818.739942219329   4.913447025989708   439.0979704725672   35.35710207141601   1339.3714233830826 
  2180.0   726.0325198068864   1819.3534418134723   4.933539035058914   439.58833173950654   35.36423563272953   1339.4673364627818 
  2181.0   726.6595878819568   1819.5097159155262   4.94681211571646   439.6380471766914   35.36506925698852   1339.5597867774127 
  2182.0   726.8770736937587   1819.536589703305   4.972910548089453   439.5593456064505   35.36009547328658   1339.6442396259376 
  2183.0   726.5177621203754   1819.2940181941965   4.895292081213951   439.31297697796   35.356277611635285   1339.7294711392294 
  2184.0   727.2062581648613   1819.617370622335   5.044093819150422   439.4401474985535   35.34188202342481   1339.7912472389535 
  2185.0   727.1152889925532   1820.1488071610777   4.961528378668489   439.90902787879713   35.37060295205814   1339.907649190998 
  2186.0   726.490968012584   1819.1761658975186   4.828707907864588   439.041760420375   35.34514108748553   1339.9605566546097 
  2187.0   726.2384033912031   1818.8445137124224   4.9005705625247735   438.6591810635567   35.30584299356731   1339.9789190077765 
  2188.0   726.0454933951785   1818.6066929408116   4.867088899749538   438.4284767485621   35.290897527720986   1340.0202295757938 
  2189.0   725.9446435071741   1818.2653732842339   4.910731187056379   438.0415726379616   35.26872758979324   1340.0443423270106 
  2190.0   725.4516809763414   1818.061130868333   4.883129819552777   437.83302244755635   35.26040882931429   1340.0845695446537 
  2191.0   724.8815574433253   1817.5152755896713   4.907240873473035   437.3040042900473   35.223634974954805   1340.080395247035 
  2192.0   725.014981098707   1817.514725354485   4.943794955323238   437.2798094429171   35.206544318291854   1340.0845755708724 
  2193.0   725.4435857378878   1818.3423473069552   5.033842882699152   437.9650410444192   35.22070113585927   1340.122762520042 
  2194.0   725.7963691925596   1817.7465682108775   4.8901599134218525   437.47409114882134   35.223777174842105   1340.1585398379812 
  2195.0   726.3999124786963   1817.7217991501611   4.9940220503146495   437.3635756896905   35.205052831575536   1340.1591482270146 
  2196.0   726.4432007337948   1818.020800117234   4.936480387452378   437.6621744901543   35.220523398976   1340.2016224895326 
  2197.0   726.5331686778464   1816.77988036205   4.885881544928864   436.56772785193516   35.17346501224322   1340.1528064110805 
  2198.0   727.5759889924673   1817.0650299536096   4.976042108379311   436.79171166555545   35.16473904846551   1340.1325365096968 
  2199.0   727.6559581001578   1817.3840563106155   4.9413841999817425   437.0964834766769   35.18503386588629   1340.1611552463685 
  2200.0   727.4779818779155   1817.80712823496   5.0241474034739575   437.41729592998894   35.192198906900394   1340.1734856977125 
  2201.0   727.8752187528121   1818.5658595184952   4.969130006717647   438.1159508493626   35.23582527429025   1340.2449530364684 
  2202.0   727.6890443580966   1818.9259794223117   4.969094012454611   438.3941742566628   35.2568970723205   1340.3058154415837 
  2203.0   727.2106474306206   1819.1268662658185   4.920066166909064   438.568151765709   35.27214460879104   1340.3665034617006 
  2204.0   727.5783418314043   1819.408105666495   5.00762085372665   438.7250831918945   35.271228508960625   1340.404173755171 
  2205.0   727.911012234613   1820.5569064929416   5.039353713725846   439.7040846898514   35.31388957269608   1340.4995788900837 
  2206.0   727.7768297789383   1820.8272301054562   4.940637182224747   439.9309972148425   35.346943097620844   1340.6086533585585 
  2207.0   727.7121628291255   1820.627898651236   4.9213009375371275   439.6682274710868   35.348879638454314   1340.6894916041826 
  2208.0   726.854966064937   1819.4110649347147   4.834252232798295   438.53229932996004   35.31612756307909   1340.728386163617 
  2209.0   727.2168213579163   1818.880291760363   5.003829279148863   437.89947994326445   35.265671599639155   1340.7113107532164 
  2210.0   727.926147525371   1820.097358342985   5.077998905149285   438.9152069635328   35.306204238298534   1340.7979487406137 
  2211.0   728.246328237166   1821.2081373214157   5.031821773839821   439.9074875572231   35.355097661108516   1340.913729258353 
  2212.0   728.2359564531149   1821.036314756482   4.979936881924426   439.70815152423995   35.357554929636756   1340.9906719030607 
  2213.0   728.3622531092052   1821.2350638343203   4.934406855919495   439.83917923763727   35.37515076660709   1341.0863263332615 
  2214.0   727.4862428248404   1819.5491848936867   4.772068500412997   438.3491693520045   35.32698660968536   1341.1009608963245 
  2215.0   726.9823989685835   1819.173642550902   5.007524585721116   437.83261422285483   35.26665180302691   1341.0668526744792 
  2216.0   727.2130825977837   1820.5909604765034   5.0802219004937985   439.0710301824028   35.30145821781681   1341.138251164356 
  2217.0   726.7303368143048   1820.9671857016672   4.890329269954636   439.49302226850705   35.34187167955983   1341.2419608133646 
  2218.0   726.4628450049923   1819.8026410215984   4.878814006474384   438.36676388895626   35.30231409281762   1341.2547495529207 
  2219.0   726.2924302211187   1819.6823841563946   5.005107873562369   438.14529788772404   35.27419972293819   1341.25777905864 
  2220.0   726.148130698433   1820.3892819099683   4.995474301411673   438.78368216268007   35.29554730445924   1341.314577999896 
  2221.0   726.1487001757278   1820.4313464420918   4.966662746065192   438.8154373578988   35.297464644756445   1341.3517836475116 
  2222.0   726.8009393229214   1820.844753151137   5.0240062020774925   439.123573532251   35.304622059592006   1341.3925529027383 
  2223.0   727.0934422525817   1821.9486414081757   5.058429585317209   440.0690272641937   35.34286499304686   1341.4783178146358 
  2224.0   726.4731326395179   1822.4292572807067   4.95468720343446   440.5225939194696   35.37557287459114   1341.5764034577016 
  2225.0   725.5142237746697   1821.5209049953282   4.791553916174159   439.7356454460681   35.36127282955794   1341.6324333371188 
  2226.0   725.2537299327208   1820.6804798160706   4.925842034056275   438.83240664088595   35.30307442910202   1341.6191563517687 
  2227.0   725.6707401268263   1821.2056018722315   4.993355687230987   439.2166471584798   35.31539127417463   1341.6802089249447 
  2228.0   725.6667088644166   1822.3518575029007   5.007032503935263   440.1890776629   35.36051350929132   1341.7952351059525 
  2229.0   725.2116455623303   1822.9793165795381   5.006473259642545   440.6720533960232   35.39237293013005   1341.9084157421478 
  2230.0   724.6224970545477   1822.3795287611645   4.8860276978873625   440.1248045461099   35.38748442145505   1341.981211701466 
  2231.0   724.8301318378591   1821.9916652404488   4.928492337229973   439.68598962472277   35.36127473360998   1342.0159088302369 
  2232.0   725.440446284525   1822.8124293043636   4.985214513496424   440.3187454093442   35.38911296356836   1342.1193582040132 
  2233.0   724.3502972942546   1821.7724882735197   4.813371495378328   439.39904628305135   35.37520467500461   1342.1848658142935 
  2234.0   723.3964780541901   1820.780129856585   4.902983593281697   438.4028730976955   35.310917553755814   1342.1633549592927 
  2235.0   723.6006816198477   1821.0984965381222   4.9704863441278375   438.6305714096993   35.30369153384584   1342.1937454907459 
  2236.0   723.6807694127926   1820.6197459598686   4.89419645172696   438.19838780842593   35.2975193575209   1342.2296441641938 
  2237.0   724.1210577904924   1820.60201770519   5.011083686434858   438.0834364784291   35.27495103742241   1342.2325465985305 
  2238.0   724.6182009473832   1821.2877412525252   4.960148904695722   438.7280434746454   35.303210585587976   1342.2963368088745 
  2239.0   725.2032502854163   1822.039279556129   4.9512119262974315   439.3854406929356   35.3288012535159   1342.3738261753724 
  2240.0   725.6751085502399   1823.2142568823006   4.972141224753454   440.3744802266634   35.37217031167831   1342.4954665123228 
  2241.0   724.8471741049848   1822.1829028750205   4.803697944008878   439.4473107417905   35.36166176204755   1342.5702320726778 
  2242.0   724.1670518360761   1820.5463290815455   4.872889384095226   437.87571791092665   35.274650877950585   1342.5230715210062 
  2243.0   724.7736787638021   1821.2661174434193   5.043343077602225   438.40848186933755   35.270131625847036   1342.544161516171 
  2244.0   724.9697208348273   1823.4445980341397   5.097096786419228   440.31383130699754   35.35043880800881   1342.6832308933658 
  2245.0   724.3420282927146   1823.4027201000113   4.925321698880303   440.3024755361654   35.381682920480806   1342.7932408092026 
  2246.0   723.7798333157541   1821.311008331654   4.781829481814142   438.4015241099731   35.329335437015345   1342.7983183350348 
  2247.0   724.5167581725211   1820.74271789159   5.019615302519156   437.7074928746167   35.26740279736212   1342.7482071205943 
  2248.0   724.9309927647363   1822.0895237533432   4.994632976418279   438.9553063247003   35.314865746174874   1342.824719518727 
  2249.0   725.0901652650549   1822.0060092340434   4.93210225485859   438.8800772556703   35.32254543936526   1342.8712848806067 
  2250.0   724.922197347358   1822.384814147006   4.983993195185931   439.1583788827665   35.32641970468279   1342.9160215379138 
  2251.0   724.4417209617416   1821.6923755773194   4.8548718027056985   438.55658381918005   35.32103739873092   1342.9598828589071 
  2252.0   724.6530903217966   1822.3719129539259   4.973363052134439   439.02750324058803   35.33555464057961   1343.0354912022005 
  2253.0   723.9112768195071   1822.31850159384   4.949500876812587   438.92448528361535   35.338494194968085   1343.1060206243862 
  2254.0   723.0697916628667   1821.6899107945692   4.930914757673954   438.29441488957485   35.32020177943853   1343.1443803458633 
  2255.0   722.6117878802853   1820.6924662921872   4.911936324729048   437.35579436471625   35.28150853138129   1343.1432280776114 
  2256.0   723.0413622488908   1820.8528442800057   4.957907398461341   437.4612825934088   35.27228044425044   1343.1613741669935 
  2257.0   722.7473229456197   1820.4131901887904   4.875506001573849   437.1046887427212   35.25863895389969   1343.1743566122157 
  2258.0   723.0508469475658   1820.6253096954886   4.988584047562965   437.2220769355549   35.24104595369612   1343.1736041529532 
  2259.0   723.3031693578789   1821.5603308593265   5.048023590768952   438.00884221644867   35.27094537835678   1343.2325194223774 
  2260.0   723.0542783319813   1821.4029727950647   4.872403371099215   437.92378323996974   35.29660137208791   1343.3101860368802 
  2261.0   723.7111611551143   1820.9198591349245   5.013889701806528   437.3322769662544   35.2607300069959   1343.3129627357944 
  2262.0   724.5414981694046   1821.4606939376797   5.009036498966422   437.7792723202187   35.28563990387049   1343.3867452530965 
  2263.0   724.9371906073562   1821.6033630607117   4.991476151344068   437.8656273292381   35.2936779098811   1343.4525813845569 
  2264.0   724.76068101568   1821.3622802712569   4.937699764332738   437.63976849125254   35.28666384107452   1343.498148442915 
  2265.0   725.1809344415304   1821.8589778324467   5.027069804728756   437.97919493315004   35.29329372762071   1343.5594202866378 
  2266.0   725.1259962110737   1822.3823267094097   4.973153985294016   438.43491200955924   35.31888414847374   1343.655377058546 
  2267.0   724.8565235598518   1822.6267989538908   4.948647366209372   438.6040098984498   35.32956021447795   1343.7445826687117 
  2268.0   724.0975208417204   1823.0662940190023   4.974216470309556   438.9162070949687   35.33842723543395   1343.8374432782982 
  2269.0   723.5273733360505   1823.5097683032595   5.004149487160116   439.2167997059402   35.349929719012565   1343.9388894018525 
  2270.0   723.5986345376261   1823.5264164963426   4.970774985323495   439.1637295338455   35.356659014679146   1344.0352528574301 
  2271.0   723.9938236848257   1824.0578384839775   5.010960290818286   439.52383549143724   35.3731156842125   1344.1499262205655 
  2272.0   723.7987850126956   1823.9224387496945   4.930007724995327   439.354636652369   35.378129599494876   1344.25966462895 
  2273.0   723.8017260272187   1823.8291142723547   5.010304019269935   439.1275903254758   35.35918812813144   1344.3320320863152 
  2274.0   723.9441994496557   1823.0495573166081   4.934514702773454   438.3853073698144   35.33763630239051   1344.3920987932793 
  2275.0   723.8831655094673   1823.1905627253027   4.970471053988996   438.4411793151014   35.328678217969596   1344.4502334511858 
  2276.0   723.6932536948063   1822.676184988465   4.886176095220507   437.9888159013153   35.308619086780354   1344.4925765632427 
  2277.0   724.1444724196141   1823.1591805923772   5.016617432807712   438.29901966138397   35.30040022742856   1344.5431440381249 
  2278.0   724.591134713564   1823.5704463752093   4.991304651285712   438.63364012315316   35.318994552958756   1344.6265064331942 
  2279.0   724.4317608921344   1824.1354028999513   5.047137977897394   439.0612368363247   35.32921984629334   1344.6978095045117 
  2280.0   723.800808825953   1825.234471871193   5.043437697342749   439.9956500741047   35.37417000501348   1344.8212148501718 
  2281.0   722.5616674285261   1824.0248894850824   4.833009857325557   438.9518192925584   35.35689963109728   1344.8831594665553 
  2282.0   722.0498109698941   1823.2723861665738   4.9468447410998735   438.14294288266876   35.30580719205454   1344.8767904705808 
  2283.0   722.3204518052836   1824.3476625966564   5.0322360452805714   439.03352935206414   35.329099036140704   1344.9527975913027 
  2284.0   722.6825803786693   1825.7085999029835   5.044127010699921   440.2148038242439   35.377979463921314   1345.0716909594078 
  2285.0   722.3218504063877   1826.1842394789019   4.971693942405411   440.59328525154245   35.41474387678004   1345.2045168359755 
  2286.0   721.3756647909412   1824.480261791934   4.786100069599013   439.0469640092   35.38294492108508   1345.2642518211994 
  2287.0   720.6749812171923   1822.573897693408   4.822654244821027   437.2295551187166   35.29516375771941   1345.2265252707036 
  2288.0   720.4160924855101   1823.2698604061673   5.0118639340260165   437.73531509759096   35.27868954305376   1345.2439930845728 
  2289.0   720.4309707627322   1823.2143701020154   4.9356385091057815   437.6895823859214   35.2883130127914   1345.3008358502211 
  2290.0   720.2725059344825   1821.3903042723605   4.830880310796716   436.0630488940645   35.230297621616565   1345.2660788101414 
  2291.0   720.46432850885   1821.452175639959   5.00806706760412   436.0431400767176   35.18989715538702   1345.211071790457 
  2292.0   720.1814518533203   1821.7675127071682   4.924660617190925   436.4174687234814   35.2037150647917   1345.221668136937 
  2293.0   719.6299627060023   1822.3396575635074   4.94218330206002   436.9541793277716   35.2109467891961   1345.2323487075098 
  2294.0   719.4171785011724   1822.6464483365394   4.9307897594291745   437.2262703118339   35.22478041050107   1345.26460828269 
  2295.0   718.8390360410347   1821.318450454179   4.817961138476322   436.0639867438059   35.19285537539144   1345.2436479557389 
  2296.0   719.6382782678157   1822.1466997902276   5.087901467177741   436.6323556002594   35.187777026871885   1345.2386656727995 
  2297.0   719.794082198749   1824.209594527485   5.095455681501416   438.4703270355929   35.274557922168476   1345.369255369546 
  2298.0   719.536429011265   1825.0701705818738   4.977036751617669   439.2577060372973   35.333802914144236   1345.5016246872128 
  2299.0   718.9874400350951   1824.0579874299776   4.825121696843885   438.3446527837628   35.321786089712134   1345.5664254900996 
  2300.0   719.7047054302756   1823.482418674684   5.003460615889159   437.6268250579651   35.28010855279141   1345.5720241667593 
  2301.0   720.4239002166521   1824.017236767907   5.013874442986997   438.03980242548585   35.30564941192814   1345.657911907119 
  2302.0   720.4974879011265   1823.134915114486   4.875262183411759   437.2626376805334   35.291845750716554   1345.7051688582214 
  2303.0   720.7712142668748   1822.363152120471   4.919166494747113   436.4904134923455   35.249669652447416   1345.703902227332 
  2304.0   721.1311300800664   1821.6987830155538   4.946476175682752   435.82804166089204   35.22143161939586   1345.7028335787645 
  2305.0   721.210530116252   1821.5229233089633   4.989519016910875   435.63054100397466   35.20249813078549   1345.7003657486762 
  2306.0   721.3229388888803   1821.742484773816   4.990292039162702   435.853769555973   35.19703647232528   1345.701387341657 
  2307.0   722.1991041940973   1822.1425452249987   4.996565087911099   436.2164292665917   35.208126083518216   1345.7214244360732 
  2308.0   722.688079618111   1823.0597597379972   5.0116124950033365   437.0232431816109   35.24182477144963   1345.783079195294 
  2309.0   722.0278316652814   1821.7801593944557   4.845461207409921   435.9233584425739   35.219568880673116   1345.791770508383 
  2310.0   722.1796771111175   1822.251616777604   5.0657807587634185   436.2171066801457   35.19468297273967   1345.774046571663 
  2311.0   722.4387411807826   1823.5532647082935   5.050612272926578   437.41929308273626   35.24008140826068   1345.8432789273659 
  2312.0   722.2539848672048   1823.6820835184658   4.9635402999791065   437.55889566519687   35.258519943970796   1345.9011271526763 
  2313.0   721.9489176242171   1823.3185661346802   4.982565144112425   437.18640329451773   35.23920957536497   1345.9103863770579 
  2314.0   722.2250887355117   1823.7789084973426   5.021709758842717   437.5641463483054   35.249547611582294   1345.9435048380212 
  2315.0   721.9603184910197   1823.7291315084644   4.941845062826458   437.5517241210197   35.25566238932157   1345.9798995601122 
  2316.0   721.4944185871087   1824.090708609673   4.961689240201525   437.8496390534642   35.26105768635577   1346.0183224934983 
  2317.0   721.0999864538703   1824.0672580199678   4.932918229187612   437.81937186504786   35.26133047491293   1346.0536389404135 
  2318.0   720.1918063609337   1823.4495412242238   4.83169932893311   437.2830583315041   35.25396924471182   1346.0808143174306 
  2319.0   719.0746349434781   1823.1013400350623   4.958300521007214   436.8713795674083   35.21504110348417   1346.0566199331668 
  2320.0   718.657766528642   1823.1358625840255   4.977453499266326   436.88587171779943   35.2096217454116   1346.062916694874 
  2321.0   718.9581695299526   1823.1120482987435   4.933624307334516   436.87892506263137   35.21681375439374   1346.0826853142141 
  2322.0   719.4284240906893   1822.64300177865   4.917849085001165   436.4440047678914   35.20278887683121   1346.0783575217035 
  2323.0   719.82136825918   1821.469844726521   4.901019591201414   435.3882984475743   35.15849882654962   1346.0220288591916 
  2324.0   720.3235005916777   1821.5988345024818   5.044645230651916   435.44237309164936   35.13725394271002   1345.9745624888383 
  2325.0   720.548813977435   1822.8216024525072   5.035968776806867   436.58648822084604   35.181210920444975   1346.0179352136906 
  2326.0   720.5724092890603   1823.2183356334613   4.9693949617277475   436.9635281085221   35.21487470485298   1346.0705388146991 
  2327.0   720.485016179354   1823.3237731862116   5.044666740050919   436.9744267335102   35.21657803091449   1346.0881012576185 
  2328.0   720.4297263416879   1823.3618685455558   4.955218696345758   437.04706453736935   35.23098193824082   1346.1286050212987 
  2329.0   719.7560833180721   1823.7519924122896   5.009607384333373   437.3417355186547   35.23799856154784   1346.1626522218107 
  2330.0   719.553616582057   1824.6015957486632   5.021982406500694   438.06819136200016   35.27182003369365   1346.2396021575626 
  2331.0   719.5637347621602   1824.535681469895   4.92269787534361   438.019345902491   35.287181564000846   1346.3064567756844 
  2332.0   720.1854821648003   1825.0612841958905   5.017074460926857   438.37825002082656   35.2968487457985   1346.3691092946735 
  2333.0   720.6271573048177   1826.3365804307914   5.035929239764721   439.4568119761732   35.34714550326391   1346.4966930580877 
  2334.0   720.3055231317685   1825.8227545848254   4.854992034366565   439.00949437342865   35.35883266478195   1346.5994363540158 
  2335.0   720.5191195239497   1824.8441056093516   4.930921638669532   437.9986098862986   35.304162754568296   1346.6104113505614 
  2336.0   720.9816251010311   1825.9011738485408   5.090777233715929   438.7940073098992   35.321459785792854   1346.694929644924 
  2337.0   720.7951507254916   1826.4150983498332   4.991888384529143   439.23260986423554   35.36408426935193   1346.8265152203603 
  2338.0   720.2843679375283   1825.7588026973863   4.941890694157896   438.57464690370966   35.34797302198425   1346.8942930978437 
  2339.0   720.4350755254898   1825.2544115587032   4.922439605089465   438.0519687144625   35.33044231615589   1346.949559828658 
  2340.0   720.4656712952345   1824.1019646380666   4.865500978597904   436.984663064729   35.287064919424544   1346.9647352095367 
  2341.0   720.940397102334   1824.5697336898547   5.022637123854446   437.278899183603   35.27241282375176   1346.9957832601626 
  2342.0   721.2583938874651   1825.3707665054885   4.956913972841997   438.0027714713892   35.31042528693221   1347.100655839049 
  2343.0   721.095217222398   1824.9043126468416   4.895453119908405   437.5354365158904   35.30543022455209   1347.1679933436471 
  2344.0   720.3836588706318   1823.5410872885789   4.9073472918977705   436.2379066963781   35.24428518994031   1347.1515498995427 
  2345.0   721.3304375838038   1824.0725728423652   5.095213680463337   436.5969824270329   35.22736648847014   1347.1530108340373 
  2346.0   721.4530389272991   1825.4867564444896   5.056203078162615   437.89297150690953   35.28500834237678   1347.2525734223307 
  2347.0   721.214239228224   1825.296906138485   4.9111074230853475   437.7551786232525   35.30232386301232   1347.3282955812344 
  2348.0   720.8597528157777   1825.0302264600875   4.975626583390932   437.43609847402377   35.277540307954204   1347.3409605963006 
  2349.0   720.4999068661073   1825.2981493265443   4.9272958674616705   437.6835721469254   35.28844797155045   1347.3988318621575 
  2350.0   720.2931600462018   1824.6902284881687   4.908720566238633   437.1048345390344   35.26401090327084   1347.4126626633285 
  2351.0   719.2275700845736   1823.8095216560794   4.822615314513183   436.3315747929939   35.236197037816325   1347.419134875491 
  2352.0   718.7843715976802   1822.691566086086   4.905032553188251   435.2561597627389   35.171913813272894   1347.3584599043795 
  2353.0   718.1808038589131   1822.5926179221285   4.941695762320897   435.1711468304626   35.14947312064045   1347.3303029036626 
  2354.0   718.3934728215156   1822.9118942284038   4.966502796035842   435.45377211074646   35.15735449447926   1347.334264622509 
  2355.0   718.9476295595364   1822.8809846267577   4.983825890926054   435.409253211392   35.15727287524497   1347.3306341044636 
  2356.0   719.4923427132649   1823.9864137404775   5.103004453907712   436.341003051068   35.18309815998347   1347.3593089857088 
  2357.0   719.6180373029832   1825.34070200842   5.055165699689958   437.58477774335347   35.24655830646048   1347.4542016295118 
  2358.0   718.8148363098875   1825.187318712582   4.883714972821358   437.5066107784966   35.26935851047435   1347.5276344271472 
  2359.0   718.2108893604435   1824.4513079177952   4.944912420868081   436.75676790924774   35.23096250795904   1347.5186649052127 
  2360.0   718.1440534043296   1825.2371562084697   5.041031826311745   437.39384918734106   35.24301523188418   1347.5592598179767 
  2361.0   717.8470488730264   1826.0622207682743   4.993074715702555   438.10829219714117   35.29213821459223   1347.668715626497 
  2362.0   717.0607970986312   1824.1888469091352   4.840685275303431   436.41847932569414   35.251260916904826   1347.678422515927 
  2363.0   717.7906613414292   1823.3332818798988   4.981264100938487   435.52824107248136   35.19407486523152   1347.6297017652996 
  2364.0   718.1677421917723   1823.6003141173824   4.9716871692577795   435.7890778910068   35.19799846044739   1347.6415497051437 
  2365.0   718.4946542463728   1823.8260670430986   4.980994561068775   435.9961629119075   35.196494348986455   1347.6524148545957 
  2366.0   719.3845051227629   1824.6124896506692   5.033974357816839   436.6593752051377   35.219367479056345   1347.6997719854362 
  2367.0   719.1865218717979   1825.035424373731   4.9431860201183335   437.04689490482895   35.25851896129635   1347.7868232980754 
  2368.0   719.2786693743875   1824.6230361254777   5.015245981087611   436.5705368499546   35.23742549797567   1347.7998276883077 
  2369.0   720.1379569463862   1824.780548625595   4.985673150286488   436.69901980857225   35.25017250543933   1347.8456820569172 
  2370.0   720.6324037733322   1825.3275755947884   5.070063047844642   437.0887114015881   35.266926962119236   1347.9018733218809 
  2371.0   719.6600812868336   1825.220425586207   4.935277496438536   437.04596405195036   35.28071275200378   1347.9584709985036 
  2372.0   718.661509974201   1824.8292973856483   4.886891838864346   436.6944584577226   35.26573289420758   1347.9822155276693 
  2373.0   718.5770949149119   1825.4133177533247   5.058210359125402   437.0829531770086   35.25920274833485   1348.0129515868557 
  2374.0   719.0755318228535   1826.9011989001795   5.0733720863325225   438.38503778754335   35.31476418787151   1348.1280244613515 
  2375.0   719.0515760760111   1827.3920413865844   5.0121131291864   438.781530719794   35.35250444933949   1348.245893214666 
  2376.0   718.5578810697002   1826.6788729259033   4.96816250474769   438.07417594651554   35.33511580830395   1348.3014202291267 
  2377.0   718.3661505914733   1826.5219255641348   4.987538294345383   437.86670680773045   35.32074267950324   1348.3469376625128 
  2378.0   718.5683622067169   1826.6446477031516   4.997134023922396   437.9224672289112   35.32074915671095   1348.4042983848963 
  2379.0   718.4947985124708   1826.8983964756333   5.001903563345446   438.0906727820619   35.33020977454828   1348.4756099242327 
  2380.0   718.7406757941458   1826.9197164068253   4.974399661882975   438.055434398767   35.3381031101585   1348.5517785463137 
  2381.0   719.3464374891292   1826.5537517833782   4.961661368101603   437.66533594094864   35.325194440325774   1348.601562134767 
  2382.0   719.1335357922501   1826.306271729329   4.925314508147721   437.4205581852187   35.31418885403941   1348.6462116656216 
  2383.0   718.6282899953544   1826.1050454354086   4.916938784395884   437.22097249406863   35.293992411322016   1348.6731419577675 
  2384.0   718.5513670865583   1825.6126571594364   4.909944256053444   436.7590723482278   35.2640886157327   1348.679552852747 
  2385.0   719.1857008693582   1826.6053365536695   5.060222284695838   437.5493100234353   35.27328737159032   1348.722516004819 
  2386.0   718.9147936762275   1827.2325723073118   4.969795525147991   438.1237423059642   35.31511907826142   1348.8239151849239 
  2387.0   718.3456670029383   1826.5876829224314   4.943669845686397   437.51672007178513   35.2862456394521   1348.8410486981265 
  2388.0   718.1619478829847   1826.648605528865   4.987564617497496   437.5217603073979   35.27674832374886   1348.8625326923943 
  2389.0   717.2534044270402   1825.6886596902546   4.8364131574168026   436.72313347615295   35.25748183593658   1348.8716311507253 
  2390.0   717.148985002958   1824.5682272387394   4.919774235880433   435.66110844117884   35.18916693668561   1348.7981780851746 
  2391.0   718.0220007361557   1825.684358456881   5.100368418630988   436.57630989477497   35.20203134056793   1348.8056482377642 
  2392.0   717.9433174102314   1826.5583712502519   4.982611299495727   437.4552019470839   35.24771348184575   1348.8728455276676 
  2393.0   717.998473186804   1827.3239945520284   5.003074706383469   438.0980792934844   35.280321291159545   1348.942518518691 
  2394.0   717.7395711993506   1827.007370695231   4.944340477526174   437.78566793263536   35.28548219641798   1348.991880186906 
  2395.0   717.3789605487918   1826.1728427801497   4.916590962911599   436.99528836354347   35.26112676835972   1348.999835933335 
  2396.0   717.2571754965169   1825.8511188644445   4.948859498582429   436.668672719132   35.23850247426892   1348.9950844590114 
  2397.0   717.7277508076303   1825.8657656778037   4.984926403461646   436.63366052860414   35.2354990285603   1349.0116786214555 
  2398.0   718.4248694593681   1826.2016430079748   5.054965889638887   436.86907964200407   35.240552451690455   1349.0370458330322 
  2399.0   718.4525571974721   1827.5374711264164   5.046045391031328   438.07218661220793   35.291589819832204   1349.1276506099052 
  2400.0   717.82265728093   1827.1698924247742   4.91215254172493   437.78609746710634   35.29387750335506   1349.1777648150482 
  2401.0   717.5651778510775   1826.569164895455   4.978108229016911   437.14385528162063   35.26410370102206   1349.1830985628317 
  2402.0   718.1821889779328   1826.8358615954887   5.004448054537845   437.3370487277665   35.27016943644746   1349.22419540019 
  2403.0   718.4305380070659   1827.1573907957759   4.994109226165041   437.5906441864182   35.28574940711185   1349.2868861961647 
  2404.0   718.7392854968389   1827.9647676443756   5.075118966395719   438.23294884314964   35.30405219082115   1349.3526478410636 
  2405.0   718.3194197045789   1827.8042324651128   4.964977038901159   438.1038123314445   35.317452567991026   1349.417991273136 
  2406.0   718.2935125404659   1827.6449348889932   5.052385809761864   437.8688513596073   35.29463632070572   1349.4290622196938 
  2407.0   717.7134267394927   1827.4090896536113   4.8858817396685055   437.74647234830394   35.30295543233986   1349.4737795557162 
  2408.0   717.7137317188811   1826.8812984491706   4.991479005996324   437.18745640676167   35.25917648126846   1349.443186241036 
  2409.0   718.6492799587861   1827.9746037267864   5.056482595455114   438.12431577724874   35.29275119094861   1349.5010549736521 
  2410.0   718.896348813195   1827.8942778133965   4.960151247846298   438.05663202935136   35.31494270280178   1349.5625518485986 
  2411.0   717.3660509203568   1827.1834509260286   4.841585512032834   437.4727492876288   35.29492709449104   1349.574187996817 
  2412.0   717.6918780591426   1826.8063146370484   5.031422004872683   436.9804771677652   35.25470059167922   1349.5397145395498 
  2413.0   717.802105609989   1827.6176738734332   5.023346130167316   437.7245820635738   35.28456528958287   1349.5851803818277 
  2414.0   717.7439966016949   1828.4477120807949   5.030680193212469   438.44913759283077   35.31693132441219   1349.65096285829 
  2415.0   717.4354659632545   1827.7701026774034   4.945102545909702   437.8115130114649   35.31136561261301   1349.7021204152118 
  2416.0   717.838284190073   1827.440093319876   4.9578426597475   437.44573026093946   35.300206552496036   1349.7363128579818 
  2417.0   718.3661784608153   1827.408201989425   4.976005825225034   437.3440601744453   35.301976386278135   1349.7861604541192 
  2418.0   717.8780205781412   1828.0622896094194   5.019266869918717   437.8589327136933   35.32238220434861   1349.8617078363595 
  2419.0   717.3798556067923   1828.00335841631   4.920312892227118   437.8170260644927   35.332234494771726   1349.933785251492 
  2420.0   717.65197866644   1828.0191682914192   4.973715736962219   437.73316529951524   35.3249477079391   1349.9873392148022 
  2421.0   717.2992158294535   1827.8573852874604   4.943726500814381   437.5265182284955   35.32811953003276   1350.059020598762 
  2422.0   717.4477627671697   1827.8702978970246   5.0295179134738675   437.41035411082095   35.31696014272673   1350.1134659690185 
  2423.0   717.4591058443548   1827.6311273411839   4.9517931436931475   437.1855399121176   35.315883105403046   1350.1779104272703 
  2424.0   716.8909371451934   1826.0716471222204   4.860012875670537   435.78323912906177   35.26039444418636   1350.168000792869 
  2425.0   717.1139934347243   1825.3121606377144   5.025053413603401   434.98623724752923   35.19455502373302   1350.1063141092657 
  2426.0   717.2008653147955   1826.6686043891218   5.070554250553373   436.22432042649245   35.228263083520766   1350.1454669346422 
  2427.0   716.8720912972941   1826.4619779735997   4.917848113996377   436.15485467090525   35.2295957387042   1350.1596799464965 
  2428.0   717.4562412459243   1827.1430220839782   5.064874218621921   436.6681203503353   35.23418497976904   1350.175841175911 
  2429.0   717.3564915631666   1827.17437858107   4.918348309127116   436.77147072890375   35.25704608460808   1350.2275140115785 
  2430.0   717.3861445275537   1826.5980897271295   4.958036428888059   436.18376431640274   35.23248102993515   1350.223808032877 
  2431.0   718.2579870183434   1827.6678951730626   5.139635165853193   437.01960635965435   35.25013299576918   1350.2585206114609 
  2432.0   718.3266108502609   1828.8430675703803   5.019304302654353   438.14753209604214   35.3132501950823   1350.3629800597862 
  2433.0   718.316901927697   1828.9607286241633   4.994638871456764   438.1910488804742   35.332919038194454   1350.4421211177016 
  2434.0   718.8898466281657   1829.828040898368   5.110359468035012   438.8157433254224   35.36116237725526   1350.5407756301042 
  2435.0   719.426861707281   1830.6905483275261   5.0887155063421075   439.5235949646098   35.40606128581888   1350.6721762882037 
  2436.0   719.5806159400968   1831.1438167919132   5.029659756115628   439.8654371464784   35.44122905406187   1350.8074908873532 
  2437.0   718.7819733662884   1829.5304049927192   4.8743714554766715   438.3925226553917   35.403404199611025   1350.8601056000348 
  2438.0   718.0195780870843   1828.1800907038883   4.900772104472288   437.11925278545147   35.32798987097739   1350.8320753514454 
  2439.0   718.4158901240049   1828.1962502308284   5.040589812870781   437.0321553299021   35.296394780567866   1350.8271108792414 
  2440.0   718.4998954875134   1829.559427726547   5.088109743111064   438.23438821084596   35.334341536500645   1350.9025881307132 
  2441.0   718.2644906700158   1830.306718604323   5.02154305407163   438.92038100686335   35.37105844444071   1350.993737015458 
  2442.0   717.961528830184   1830.175068758993   4.99183149743289   438.77325823347826   35.367685798951776   1351.0422946299968 
  2443.0   717.6436125040248   1830.1066815675376   4.92254264958354   438.69162070062964   35.3787899528327   1351.1137288601035 
  2444.0   717.205793107472   1829.8454035782186   4.926199141415793   438.4021364155473   35.36364115100604   1351.15342627453 
  2445.0   716.618288136555   1829.0175289968456   4.86988077607207   437.6357223335777   35.33642297812658   1351.175502572655 
  2446.0   716.0011682132451   1828.1918856585369   4.9524009631929005   436.7974093154846   35.28765268379196   1351.1544217781257 
  2447.0   716.1066087602313   1828.0731097191642   5.025865305475731   436.6467938679586   35.26142853372946   1351.139020994419 
  2448.0   716.5328764105585   1828.6843361990793   5.060343645398225   437.1879499258158   35.274710936434104   1351.1613314275453 
  2449.0   716.1214118218762   1828.6020685375106   4.915205631762373   437.20063480331856   35.2904777130005   1351.1957514591002 
  2450.0   715.5178556102466   1828.3742511627177   5.003513652589942   436.92042764805757   35.267540537367886   1351.1827684796033 
  2451.0   715.8260382569819   1829.18332155485   5.03326156407351   437.6144330698314   35.29798986711648   1351.2376363200055 
  2452.0   715.6627313598764   1829.1267662431926   4.949772038314294   437.55983025069685   35.318863228254905   1351.2983010980815 
  2453.0   715.6349195280209   1828.6719124566482   5.0128355939949465   437.06165847711446   35.29601439783297   1351.301404259897 
  2454.0   716.6360655741531   1829.4841260880974   5.08571564827627   437.70670500260786   35.325027970587264   1351.3666776537927 
  2455.0   716.8111442004555   1829.7097060128694   4.970192162038796   437.92911410735957   35.35684389930705   1351.4535562127787 
  2456.0   716.4838411871368   1829.389998324637   4.935794664994149   437.5987282515309   35.351126025788794   1351.5043491194533 
  2457.0   715.3844416673971   1828.6172332575093   4.891531419720889   436.89361099607873   35.31726550590123   1351.5148244513734 
  2458.0   714.9663768920107   1827.1263189833282   4.860561687857514   435.55037276047847   35.24997080307105   1351.4654129624573 
  2459.0   715.1873541971705   1827.927897269   5.0535712694554595   436.15748091871444   35.24398155299419   1351.4728629184444 
  2460.0   714.7708171615396   1828.604407838015   4.985916061995003   436.78158772627114   35.28269896488283   1351.5542063693613 
  2461.0   714.0738357514873   1827.8828860176686   4.921511868438214   436.1345625981584   35.261562580033896   1351.5652489706229 
  2462.0   714.2779161523216   1827.6247099208467   5.020494352612448   435.83241722430154   35.22977925068271   1351.5420196575071 
  2463.0   714.319095851436   1827.4727449920765   4.96883539415835   435.7366757387369   35.22334216732948   1351.5438910843238 
  2464.0   714.3674539055   1827.5526831808388   4.989733206282321   435.79795140075476   35.21922769513095   1351.545769846828 
  2465.0   714.674805156349   1828.0229464603024   5.064731279784448   436.1824815656214   35.2234960744092   1351.552236381037 
  2466.0   715.1146596145019   1828.5318347789732   5.037118214596824   436.64754546921847   35.25063612300112   1351.596535973131 
  2467.0   715.2534347827043   1828.8743829967598   5.052997746633292   436.9229556050606   35.265121718957346   1351.633307034152 
  2468.0   715.0183523532326   1829.422295220796   5.085698968996114   437.36810237821953   35.28562471276487   1351.6828699092005 
  2469.0   714.9792702988716   1830.0265045287927   5.019882502681481   437.90856486327357   35.32640587737502   1351.7716502383466 
  2470.0   715.1457251196534   1829.532548995932   4.974311555097927   437.4172670477253   35.32275441492792   1351.8182151781966 
  2471.0   714.9912346516744   1829.1335991471024   4.995285898514456   436.9839309074404   35.30844736435365   1351.8459349753425 
  2472.0   715.0689648363291   1828.7443812707622   4.926438888035698   436.6497795443863   35.297835963977455   1351.870327766965 
  2473.0   715.102327838299   1827.984266349129   4.899070731246594   435.9595514752829   35.26509576403159   1351.8605494747605 
  2474.0   715.2777915401356   1826.629764349169   4.886548553672021   434.75155210281406   35.202067783482725   1351.789596365176 
  2475.0   715.6515836655309   1827.3583248122707   5.07846994732916   435.3313800846471   35.19045933043325   1351.7580155080527 
  2476.0   715.6724546588672   1826.824781754564   4.9206155998502945   434.9556222662818   35.19430554412356   1351.7542376294728 
  2477.0   715.9965211767123   1826.8800517324094   5.047487315681522   434.9397252031787   35.17796728901552   1351.714872542549 
  2478.0   716.6504067048661   1828.0465208165208   5.03946481703542   436.02602773522136   35.221988736008534   1351.7590392006416 
  2479.0   716.3616474280212   1828.648334276947   4.979420304020797   436.6106210150701   35.252086507470274   1351.8062059336755 
  2480.0   716.1584494317615   1828.7608371435438   4.948713107703709   436.7131394952541   35.25908008820592   1351.8399045407002 
  2481.0   715.8223481572751   1828.8495402936508   4.9692826660352845   436.7566099424097   35.257144034900435   1351.8665044782886 
  2482.0   715.8803651393631   1829.3550975413143   5.101511295449934   437.10388744027887   35.25796502718072   1351.891735425327 
  2483.0   715.5555029161778   1830.0427565965779   5.009581467970718   437.74898830221105   35.301841788615576   1351.9823448599886 
  2484.0   715.1577593874778   1829.4030583970969   4.88916914506212   437.19484208861843   35.29540017006039   1352.0236457454 
  2485.0   714.5323540323826   1827.3829455993168   4.8308020713729265   435.3704756219344   35.21709250638128   1351.9645749978151 
  2486.0   715.4461816624096   1826.307137978056   4.9890903946216065   434.31139211324955   35.14317242380029   1351.863482649786 
  2487.0   715.8290278295977   1827.3020177263654   5.032710886598024   435.2332249816002   35.165751176821296   1351.8703295065072 
  2488.0   715.8305954984836   1828.3549221572446   4.983259531145897   436.2347777039406   35.2118625528763   1351.9250226847385 
  2489.0   714.9803754877967   1826.746916223675   4.806492344830315   434.88839895530674   35.17089074398951   1351.8811337583293 
  2490.0   714.8874610333044   1825.5176653661517   4.943881682255334   433.72999948511836   35.09164883561255   1351.7521358038225 
