 year   CV   CS   DPM   RPM   BIO   HUM
  2083.0   876.9468171854141   1827.5241516600229   4.773584283653184   450.4791127555806   35.53358711229929   1336.7378682481876 
  2084.0   877.3977402081224   1826.5352980699442   4.672989589279479   449.6503683981928   35.50630222804447   1336.7056387062883 
  2085.0   876.6478248529639   1824.7069285813802   4.646777884756833   448.0711882443932   35.42133701786105   1336.5676238643905 
  2086.0   876.8292981466616   1823.903207648226   4.712796430420727   447.4423238100261   35.35474199697599   1336.3933470797324 
  2087.0   877.5693543496182   1824.470663604719   4.735448064824222   448.06430020589175   35.36318071173971   1336.3077352079158 
  2088.0   878.6020295180944   1825.2588253121519   4.8248786658739915   448.8039403041608   35.38154723371124   1336.2484587555157 
  2089.0   879.6372203936362   1826.4178192686802   4.828717184100345   449.9211444832083   35.427320736189486   1336.2406384502651 
  2090.0   880.1740360242316   1826.758987058799   4.738553018102523   450.30824690137143   35.460684460504325   1336.2515026961053 
  2091.0   880.2548080708343   1826.002432294021   4.708668492524138   449.6413873820499   35.44053115477973   1336.2118456426297 
  2092.0   880.8838560731813   1826.2233491742277   4.7811606502394675   449.8254951420241   35.4344085030588   1336.1822851631664 
  2093.0   881.2746402910209   1826.7412314336223   4.785708269433534   450.3125614365495   35.45565338682423   1336.187307929981 
  2094.0   881.3203882488859   1825.5499348531694   4.611239651240763   449.3524398150695   35.43864323007947   1336.147613285751 
  2095.0   881.7628215912722   1823.5088293098256   4.628886376249355   447.54544885741734   35.35150600582384   1335.9829860561997 
  2096.0   882.8770677701307   1823.259070912973   4.7704881568941415   447.36110484788867   35.30331126915849   1335.8241676976286 
  2097.0   883.5108203165103   1823.3055467286697   4.686071477318779   447.56380063978025   35.31327756181594   1335.742397664276 
  2098.0   883.5099593238983   1823.3111898677937   4.7423086050659995   447.66234147298655   35.29527551678965   1335.6112635894676 
  2099.0   883.9231430432163   1823.8856590704838   4.778804689595016   448.2912065507892   35.305291318975755   1335.5103568247744 
  2100.0   883.8899292889946   1823.5848176359432   4.664798391366008   448.1755386530075   35.313098411170266   1335.4313832391701 
  2101.0   884.0390818136675   1823.1203268425338   4.753881707639096   447.77961114088004   35.28989924217185   1335.2969338535654 
  2102.0   884.2395218873585   1823.423855230732   4.720892286817038   448.1987444600672   35.3008418752733   1335.2033756732012 
  2103.0   885.0625648941407   1824.291493546756   4.8158370187381845   449.0192966536932   35.32049986220386   1335.1358607228156 
  2104.0   886.6957087609992   1825.546597599594   4.833860468894503   450.1493182187696   35.39125804215266   1335.1721612171561 
  2105.0   886.722686126147   1825.087464250895   4.690859313757064   449.7955801192329   35.41419663656383   1335.186827561749 
  2106.0   886.855712536536   1823.7465454920384   4.784854621956967   448.5448613895586   35.3497788000023   1335.0670504374477 
  2107.0   887.2950365668411   1825.23863056998   4.84403702637964   449.93403064313594   35.39206243804223   1335.0685005914831 
  2108.0   886.8596399067902   1825.0054906728524   4.660794007389715   449.8626614607155   35.412056627449026   1335.069979201585 
  2109.0   886.7933813888209   1824.260910421429   4.694469605649164   449.2136594388199   35.3725580153139   1334.9802231061094 
  2110.0   886.6349479564249   1822.246088390651   4.562217503402702   447.54774120595334   35.30590771161911   1334.8302212778021 
  2111.0   887.8467650694631   1822.3281774233972   4.816572760754708   447.60725345672904   35.256456505533734   1334.6478944467842 
  2112.0   889.0173957890191   1825.321993825079   4.918803507390787   450.3797483123229   35.353431333292185   1334.6700118356755 
  2113.0   889.1333778798432   1825.6395780114078   4.674624420613689   450.81319727472174   35.421079045796645   1334.7306758230172 
  2114.0   888.5443317249278   1825.1220775164256   4.7092209796048135   450.3213203173589   35.39883034891578   1334.6927053975464 
  2115.0   887.8759776332192   1824.434210909417   4.648492287512223   449.7464727805837   35.379297277994645   1334.6599485080105 
  2116.0   887.7884354698235   1823.8487187605906   4.6690422272427465   449.2402026132864   35.34663656083162   1334.5928375914623 
  2117.0   887.4451403766543   1824.2195854251727   4.699963050824359   449.60577062380185   35.35050789101953   1334.5633428385088 
  2118.0   887.187585988685   1823.1451129917461   4.6296616163463105   448.706342600884   35.322343536107226   1334.486765682141 
  2119.0   887.4728728891305   1823.222312217504   4.725069590162148   448.79416579750574   35.30364336518912   1334.3994319211 
  2120.0   887.2779818160402   1824.4011808326907   4.7711058098090335   449.8977407272374   35.33950375718244   1334.3928296100096 
  2121.0   886.485712451939   1823.5356753504448   4.613355459993233   449.2310257177833   35.33315581686213   1334.3581383893163 
  2122.0   886.7533773592712   1823.8002850544412   4.769789624579044   449.4179267542734   35.31998826830662   1334.2925784437884 
  2123.0   886.6942817588389   1825.2561666165439   4.775817149399976   450.7691940543418   35.37830978938851   1334.332845642253 
  2124.0   886.3077788642895   1825.107104787242   4.680748672312308   450.6656553296851   35.39733299561302   1334.363367496748 
  2125.0   886.8221827733798   1825.0789245648537   4.750639178978684   450.55032017849436   35.39690923253111   1334.381056299944 
  2126.0   888.0413761164781   1825.4690044402685   4.751283749682288   450.8585662409949   35.424055245900526   1334.4351002817018 
  2127.0   888.0392294632782   1825.038744537677   4.676531409799707   450.49160435023504   35.422507551505646   1334.4481007603074 
  2128.0   888.1648099788102   1824.6979580062364   4.771594205446485   450.14171125265966   35.38626078804867   1334.3983905031002 
  2129.0   888.6118235167062   1826.0770609625947   4.783241228364449   451.4108880843586   35.431467871639   1334.4514637379286 
  2130.0   888.7416583490419   1826.3268080509438   4.725539406950606   451.6263853371117   35.459580804627024   1334.5153016589393 
  2131.0   887.9720077415728   1825.2433330082774   4.6550063760935165   450.62699768485226   35.43814934344019   1334.5231778586608 
  2132.0   888.2633370582327   1825.7279988806217   4.839522951950845   450.9485132919526   35.42443550778309   1334.5155276810963 
  2133.0   888.746704810996   1826.2783926712123   4.7575874397980815   451.4521388153944   35.47006140993423   1334.5986037772468 
  2134.0   888.515567392146   1826.201843441434   4.751531306198449   451.3457106662312   35.469080675670746   1334.635519493008 
  2135.0   888.5790350967582   1826.1779790238973   4.750239165210229   451.30183815885715   35.46319253195211   1334.6627098678246 
  2136.0   888.4367537600423   1826.3352574113758   4.726801771416719   451.43779725820326   35.46853950403562   1334.702118541059 
  2137.0   888.2970372249774   1826.9442827239584   4.790567278673811   451.91287343697604   35.4826940711149   1334.7581486857678 
  2138.0   887.9876336596911   1827.403193222702   4.7079794595748945   452.30193065127435   35.52045207122782   1334.8728309530138 
  2139.0   888.0659953312405   1826.7566516397692   4.746148593243648   451.6127778903392   35.49239062179168   1334.9053327962786 
  2140.0   888.1530061106844   1826.0773470265028   4.676520810973984   450.9919153518835   35.47287591069584   1334.936034254728 
  2141.0   888.9964233785786   1825.5675117057174   4.773277448769347   450.43787276593207   35.43577184468461   1334.9205909249245 
  2142.0   889.6260858933965   1826.040472685156   4.775287558883184   450.8690510374273   35.445547248762615   1334.9505873347193 
  2143.0   889.2161486368758   1824.8316928732017   4.649576427085608   449.86444641854297   35.40487228165126   1334.9127995011665 
  2144.0   889.5133616097448   1824.7597711610797   4.708500659920539   449.8073799579996   35.374808089804134   1334.8690819434005 
  2145.0   889.6549997555031   1824.4437617329897   4.716231212664556   449.5510371842898   35.35427144667562   1334.8222208559048 
  2146.0   890.1487956673321   1825.0672433656496   4.767161567884574   450.1167005148044   35.36916828236828   1334.814211854908 
  2147.0   891.1100795719115   1826.1340934804266   4.826851260902784   451.0296645527474   35.40497308335796   1334.8726041724092 
  2148.0   892.200827794611   1827.1793285345002   4.757341135000871   451.9873235899993   35.46752523287799   1334.9671385596962 
  2149.0   891.4587718733801   1825.625621127584   4.591806009574331   450.6200114021172   35.44026454085046   1334.973539074958 
  2150.0   891.2078710802713   1825.4503955953203   4.817670915875513   450.3444308372114   35.388481068274075   1334.899812893523 
  2151.0   891.3854335972602   1825.8493262499865   4.780592414720975   450.7708569794486   35.4028632086202   1334.8950140355178 
  2152.0   891.5792552855007   1826.9441187902944   4.755909070594019   451.77063294438335   35.45318995912772   1334.9643848040287 
  2153.0   892.1107719152492   1827.6026268677922   4.75568534197374   452.29763067109917   35.490623821662645   1335.0586864985667 
  2154.0   891.3388482340438   1826.2547774380362   4.581525611681572   451.1115116372014   35.468477869544955   1335.0932623534018 
  2155.0   891.3897529559749   1825.7762412810266   4.775402822994566   450.54035891454134   35.41131734512157   1335.0491626446974 
  2156.0   891.6512116142377   1825.7538104959212   4.687936734946314   450.5716374448837   35.4204291292151   1335.0738077819788 
  2157.0   891.3282610250143   1825.597022037443   4.690530941198281   450.4286498168768   35.40754017141122   1335.0703017326837 
  2158.0   890.6358137503058   1824.872707882467   4.623896483149477   449.82226394283   35.38093144861019   1335.0456160770411 
  2159.0   890.4590996467945   1824.2999671784385   4.695327838225354   449.3016446883312   35.33342366560789   1334.9695718402816 
  2160.0   891.3254132408653   1826.5507962551562   4.902861009191176   451.2378565034394   35.3872656579383   1335.0228125235892 
  2161.0   890.9524750305932   1828.1306116283947   4.795934099289093   452.6892934240864   35.47564749969557   1335.1697379424181 
  2162.0   890.2101366454775   1828.2053725523888   4.699051907394025   452.7119243641764   35.507761563465195   1335.286634145558 
  2163.0   889.4762089979074   1826.038806234089   4.602588024198078   450.7216730810139   35.44141560629103   1335.2731292785656 
  2164.0   890.1239312016551   1826.788572939212   4.848901444908268   451.2666028028876   35.41705246556634   1335.2560164659242 
  2165.0   891.1101392036111   1828.327891774079   4.7925178501709365   452.6582898616863   35.49127719585229   1335.385805824669 
  2166.0   891.1349705453349   1828.6256007804218   4.738349078926259   452.8618110180982   35.52539661168977   1335.500043988447 
  2167.0   890.8562306363146   1827.8069448124268   4.660955523579444   452.071079002437   35.512041270404644   1335.5628703207092 
  2168.0   891.6070002520655   1827.846259160906   4.771981381762661   451.9710467715709   35.49478930186153   1335.6084401413902 
  2169.0   891.2580391691874   1828.1363788959234   4.695916163403539   452.2125849982978   35.51466547261388   1335.7132127781513 
  2170.0   890.6536294252223   1826.8645858295151   4.653227762543955   451.0325033116132   35.46101220925749   1335.7178438990193 
  2171.0   891.3564346089612   1827.7569888486987   4.817478071415113   451.7150817622405   35.46168301002567   1335.7627462834828 
  2172.0   891.8488843804514   1828.3195354679824   4.696240348876661   452.23362711100873   35.50382094167934   1335.8858479013415 
  2173.0   892.3801408412211   1827.7901413104437   4.7015424547887905   451.6460478680043   35.487690878804436   1335.954859269897 
  2174.0   892.1676895673361   1826.8240456675258   4.642237418401327   450.73364915325186   35.45571424955674   1335.9924449789805 
  2175.0   892.0249407874355   1825.869165367598   4.664908414773413   449.8435089741965   35.394284849928056   1335.9664648543333 
  2176.0   892.3669514291571   1825.1813381869677   4.670411992801254   449.2306397981754   35.35056373315479   1335.9297220283827 
  2177.0   892.7566764873735   1824.9012234207585   4.711485447751049   448.97773600301645   35.324366389166364   1335.8876366479608 
  2178.0   893.2887707477513   1824.804466460062   4.735503413848604   448.9004550832319   35.313174065254735   1335.855333405172 
  2179.0   893.6694137115659   1825.476470687778   4.733240507706534   449.5518644688791   35.3313021503955   1335.8600638442165 
  2180.0   893.888015733872   1825.2644935182159   4.724314953713458   449.3867102206638   35.31985974976296   1335.8336082554208 
  2181.0   894.7068418883368   1825.8746117390292   4.818450183858597   449.9107126980994   35.326287044297494   1335.8191628718828 
  2182.0   895.0943457165226   1826.8733454503647   4.7440790457188395   450.8814255508338   35.37417289581452   1335.8736678280995 
  2183.0   894.8656166398129   1826.6673239830084   4.705041498073488   450.71180789160945   35.37119237956376   1335.8792826471317 
  2184.0   895.4489758317098   1827.068046452244   4.779991457043683   451.0080046168985   35.38284704832831   1335.897202636778 
  2185.0   896.1684670100975   1827.7295675482694   4.791060394896953   451.56635346428106   35.416119342439124   1335.9560326096102 
  2186.0   897.3210901033476   1827.8576848173307   4.737181427565493   451.68282305716144   35.43092600635933   1336.0067538196242 
  2187.0   898.0730654719245   1829.27621560203   4.813801746975795   452.8854340978755   35.4732626232387   1336.103717123992 
  2188.0   898.3589925098264   1830.1911441745817   4.758000869347877   453.6486484590721   35.5319119421218   1336.252583639219 
  2189.0   898.1256703604879   1828.5482737907619   4.650977328922155   452.09480804835385   35.500299755524544   1336.302187848477 
  2190.0   898.8434855407336   1828.7665989219122   4.8647443683095215   452.13272223591866   35.46831636433561   1336.30081564634 
  2191.0   898.6930014482416   1830.1365619094242   4.816194251856464   453.3777521319803   35.5218654041203   1336.4207501464864 
  2192.0   898.6750388004697   1830.0403107402465   4.693742144121605   453.2891185905389   35.541841001721686   1336.515608122462 
  2193.0   898.2096110295477   1829.2280144262777   4.661706851409316   452.49920596052766   35.51217617234951   1336.5549264989768 
  2194.0   898.0133438750686   1829.1960147245034   4.779561351461255   452.36235506572734   35.482647066187646   1336.5714519374553 
  2195.0   898.3236260573145   1831.071877771024   4.837003114796996   453.97637886059556   35.546055837455654   1336.7124401631147 
  2196.0   898.4633356670419   1831.5528984767893   4.781186832370979   454.3175074814706   35.58931505295097   1336.8648884529998 
  2197.0   898.3855157260576   1831.0128473389539   4.691071926358749   453.76178724473783   35.588541826185555   1336.9714469433284 
  2198.0   898.4579883161293   1830.4226427155113   4.7616429368255995   453.10197324777016   35.55127460522844   1337.0077507493377 
  2199.0   898.5545668373867   1830.710262048812   4.757685550733692   453.30661883472357   35.559929507661344   1337.0860282788735 
  2200.0   898.0815935139799   1829.807353114217   4.682687412580929   452.4911238846789   35.5269500283379   1337.1065931848136 
  2201.0   898.3285271754919   1830.3780416317454   4.84046973240313   452.8804034122828   35.518890324274935   1337.1382789883864 
  2202.0   898.3731432163686   1831.6990259120075   4.79429143656284   454.04057110828745   35.58272701094755   1337.2814382346082 
  2203.0   897.4309665094814   1830.6917581772311   4.620869391546502   453.1356049826547   35.57259077491258   1337.3626935997956 
  2204.0   896.3640953284735   1828.7130751208592   4.643971872813309   451.29225638075826   35.47593952136018   1337.3009078931323 
  2205.0   896.42097175684   1829.8262336730727   4.870668265262826   452.192441085309   35.467223918040474   1337.2959002830385 
  2206.0   896.3276082799865   1831.4251978212417   4.785372787631618   453.6714192692798   35.54555197789101   1337.4228533609955 
  2207.0   896.0585778190181   1830.826897840387   4.688711919597377   453.10231308218147   35.5464266278887   1337.4894467664278 
  2208.0   896.0821086959728   1830.8788609209994   4.729844380432862   453.0578089862735   35.5443919598724   1337.5468145133634 
  2209.0   896.0651721479483   1831.125831929981   4.721523533552333   453.2433541297197   35.54836168331313   1337.6125940187521 
  2210.0   895.9776733873273   1829.701669551429   4.650668649064912   451.93945836235974   35.50105273872662   1337.610488376537 
  2211.0   895.804004526247   1829.5183146204802   4.776306314043233   451.7070643582879   35.458474246127075   1337.5764698346331 
  2212.0   895.5974047163241   1829.7420913514575   4.682186883051841   451.979230274857   35.47062508629474   1337.6100474296188 
  2213.0   895.3310327785044   1828.9513036353728   4.671828128468802   451.2614067257787   35.435252762028114   1337.5828165742987 
  2214.0   896.0410421387421   1828.6136788380675   4.729908140513476   450.9393764966063   35.40758152730076   1337.5368119279228 
  2215.0   896.6027125277303   1828.919092267993   4.689399604079233   451.2480168877077   35.4240544396662   1337.5576219803474 
  2216.0   896.7004492866967   1829.8981146531899   4.828018009708031   452.0720839994072   35.4330458843851   1337.5649673925457 
  2217.0   896.6373707529643   1831.012657848959   4.7211589168275525   453.09256971678786   35.50453754222589   1337.69439291568 
  2218.0   896.1778417347566   1829.2443185009745   4.599272578145011   451.4625360625458   35.466742669214995   1337.715766723014 
  2219.0   896.2671670703286   1828.399743942213   4.733452335438791   450.6294228053953   35.395817047640655   1337.6410506373966 
  2220.0   896.3936949831293   1829.0190402708636   4.713318220305757   451.2114121352003   35.4185631170098   1337.6757449547956 
  2221.0   896.0719129312539   1826.7361640550757   4.54011878967279   449.2142752538014   35.361046277393676   1337.6207247364096 
  2222.0   896.9933892690148   1826.3581133976454   4.8054659527583965   448.75100761313064   35.298601151051194   1337.5030371948528 
  2223.0   897.7012484959879   1827.5634356014414   4.783743891827124   449.925743669771   35.3418879599268   1337.5120594087616 
  2224.0   897.8014626986778   1828.7225317498549   4.804474133461502   450.9935618196971   35.38246034705662   1337.5420347623972 
  2225.0   897.3420735235352   1828.8273447326799   4.696350429033088   451.12776238819373   35.41147868746652   1337.5917538172491 
  2226.0   897.1326131818151   1828.5187279196496   4.747895525090919   450.7961372281798   35.39477776626876   1337.579918357821 
  2227.0   898.1491733935595   1829.491095769231   4.801360064713424   451.62795492325324   35.42722685734343   1337.634554393015 
  2228.0   898.8369155283156   1830.162807913079   4.782074804561285   452.1862718409375   35.464468210017486   1337.7299952424223 
  2229.0   898.5558050087784   1828.334076045614   4.6129807249074295   450.5468408133974   35.42933243904214   1337.7449214965445 
  2230.0   898.5134764822168   1827.358758189091   4.7511574120781335   449.60718817345764   35.350661949882046   1337.6497506115447 
  2231.0   898.7260951677608   1827.7512356294956   4.740348341288186   450.0223915559085   35.35299406251015   1337.635501026093 
  2232.0   899.7096983746407   1829.011983059206   4.844696826210341   451.147125307212   35.37574992652026   1337.644412716384 
  2233.0   900.0048896812468   1829.8583567745393   4.75255547887239   451.9753228348385   35.42259285368315   1337.7078861605219 
  2234.0   900.1458484537044   1830.308925445928   4.781638180140504   452.32776992534326   35.441462851682054   1337.7580535665313 
  2235.0   899.397561355377   1829.4510164712042   4.653050955622662   451.55976990396204   35.43617591194359   1337.8020201519837 
  2236.0   899.3100845855835   1829.6311210149347   4.82069903401673   451.5999228509174   35.41620126452546   1337.794296727142 
  2237.0   899.3718591775005   1831.3895794042535   4.818573647578251   453.1882079962601   35.48248272033907   1337.9003148684128 
  2238.0   898.6161227125332   1830.1048596937799   4.637380259092648   452.0826655961924   35.463935007825704   1337.9208779735868 
  2239.0   901.4465036470197   1832.4816934609105   4.823663183055989   453.8992944641593   35.56091982721283   1338.1978149683696 
  2240.0   900.7353749141078   1832.8230240932407   4.748500663347921   454.15425396803835   35.58319231244653   1338.3370776261438 
  2241.0   900.9823903254575   1833.1820254233987   4.8192230515887555   454.36067321589314   35.588602614310595   1338.413525941477 
  2242.0   901.2628221046591   1831.474983366792   4.657543981088812   452.83122517643864   35.53744051600778   1338.4487731837544 
  2243.0   899.8065964170081   1830.6126212912345   4.672154009357704   452.01946800217814   35.479906249419905   1338.441094071398 
  2244.0   899.0368561655091   1830.5912395678322   4.706669666562125   451.9836776829168   35.453742793059185   1338.447149411511 
  2245.0   898.9387560074905   1830.5139564052593   4.669505550666674   451.91049354609663   35.4503612276353   1338.4835957440184 
  2246.0   899.7252489940396   1831.4436396528174   4.586202452280299   452.6282385568313   35.516859870752555   1338.7123377426112 
  2247.0   899.8268727653387   1831.1280561774054   4.699888935920984   452.2236937559148   35.4779409920068   1338.7265327198918 
  2248.0   899.3413210319391   1830.7403842404117   4.664901238297428   451.84589699424083   35.462627745844834   1338.7669571619374 
  2249.0   899.7244837452993   1830.2925711150533   4.774631442346514   451.3984584473874   35.41330829681561   1338.7061737106933 
  2250.0   899.0444141801494   1830.3781794232273   4.686534858520626   451.4877120022214   35.432504831508695   1338.7714288033662 
  2251.0   898.1494200253736   1828.446688640421   4.547180251795317   449.77349874155533   35.37902296176148   1338.7469866046233 
  2252.0   897.2950286751645   1827.9726397697655   4.712401411765751   449.28454372696825   35.31216617019631   1338.663528964081 
  2253.0   897.4729967215766   1829.6724256893601   4.815834067990937   450.784237391942   35.35761804889721   1338.7147356589567 
  2254.0   897.1416117802537   1828.5802225124344   4.630555227034866   449.8650381434256   35.35240708942126   1338.732221820971 
  2255.0   898.0665316750604   1828.663313062587   4.818608796370817   449.82640430471014   35.32518058673776   1338.6931195108011 
  2256.0   899.1663569216634   1830.0668387297933   4.8479354552856995   451.07747562226706   35.379962326159024   1338.761466044658 
  2257.0   899.3982498856967   1829.8993578156717   4.661561539152542   450.9773509187887   35.414299244007594   1338.846147288222 
  2258.0   899.6858291067944   1829.3715083809143   4.763067198802513   450.3913204397934   35.38190855488276   1338.8352111000272 
  2259.0   899.5467374257246   1830.7164897920636   4.797481952787754   451.5870403047377   35.42255444750321   1338.9094123485029 
  2260.0   898.3077345988538   1829.8556051723383   4.592359370798196   450.88653377533103   35.419710284865104   1338.9570018110144 
  2261.0   897.389712382829   1828.0078446596417   4.583717635609967   449.2016624479478   35.33854473746501   1338.883919105462 
  2262.0   897.0364712748714   1827.0525611574622   4.665728459495989   448.3278575400601   35.273016202785115   1338.785959887752 
  2263.0   896.8954372858776   1826.7054731517287   4.705164029241094   448.0851759239719   35.23155050253124   1338.6835835659383 
  2264.0   896.2648934167383   1827.7518974790978   4.769301181905276   449.07754362050815   35.25049479516367   1338.6545584539322 
  2265.0   895.320008471568   1826.4742259182306   4.558214301019631   448.0838119588079   35.235226872053474   1338.5969747791607 
  2266.0   895.706387138771   1825.9940360091825   4.740537681701561   447.59727357618965   35.18522677321489   1338.470996567398 
  2267.0   896.5886199882641   1827.1771408507027   4.787954068848039   448.70156161509533   35.22737782064007   1338.4602475441748 
  2268.0   896.233428482921   1827.87092017598   4.758690545690141   449.382077852825   35.2628140991876   1338.4673377524289 
  2269.0   896.0478342435872   1828.6713936342585   4.72692611766376   450.09007424846345   35.31306530419024   1338.5413278744188 
  2270.0   896.3347413757572   1828.4922729534562   4.712191910956593   449.8898317302074   35.32300615722811   1338.567243264311 
  2271.0   896.9683043421314   1827.9063513862952   4.746794670100058   449.309409958454   35.30398953433146   1338.5461571930905 
  2272.0   897.265704570865   1827.6398081172852   4.6997455651891435   449.1169569022686   35.29363950543321   1338.5294668580136 
  2273.0   897.9174109785317   1827.5960841667124   4.745910324345888   449.0518893991647   35.285127865223984   1338.5131567073686 
  2274.0   898.0269848826482   1827.8261590293807   4.754712030560469   449.26270159534795   35.29071387280352   1338.5180309440939 
  2275.0   898.4627419682942   1827.9356617533433   4.762223752469978   449.3819841888939   35.288449588916365   1338.50300563069 
  2276.0   899.2868811356481   1828.598695668985   4.788421714703351   450.02139568309934   35.29874031554976   1338.4901374961648 
  2277.0   899.8758056453217   1829.3217397869714   4.7298909982186785   450.71280671188345   35.33910010528181   1338.5399410542668 
  2278.0   900.4435484299117   1829.0725293623902   4.703130348457632   450.45398844580603   35.34584048233496   1338.5695693067753 
  2279.0   900.0781902984336   1828.509906981386   4.660517928728144   449.9533608472841   35.32783429965932   1338.568193598698 
  2280.0   900.1420606997289   1828.5625034512436   4.792347862112085   449.93284461107953   35.30387759290166   1338.5334330361943 
  2281.0   899.4780560384233   1830.2210648369314   4.830044586212288   451.43017039121787   35.35989553290332   1338.6009549122539 
  2282.0   898.6816348188938   1829.661426252982   4.671455149897143   450.99199063318196   35.365845294123986   1338.6321352702867 
  2283.0   899.4960885842355   1830.2820646898924   4.839271311015205   451.4301606308407   35.36955215512801   1338.6430819375178 
  2284.0   900.2169846017803   1831.6394293407357   4.824415668996122   452.62231695541914   35.43615380143175   1338.7565429856425 
  2285.0   900.451451025843   1831.9869563854295   4.755885940526492   452.88444824205254   35.477636522902365   1338.868986420023 
  2286.0   899.6677843332742   1831.3966713378436   4.691026608012197   452.29662641304566   35.47242702825271   1338.9365926401877 
  2287.0   899.448721195751   1830.574408700866   4.704313973303157   451.4818059956215   35.438476851528605   1338.9498111454095 
  2288.0   898.4523440992266   1830.156764248858   4.623858215138314   451.1310157877881   35.42284428146448   1338.979046528573 
  2289.0   897.1888305418537   1829.4190758108907   4.744021875413602   450.38369143354464   35.361477810061984   1338.9298843216773 
  2290.0   897.4396244428029   1829.707419412937   4.706956842430085   450.6664313118802   35.37562994308905   1338.9583983459665 
  2291.0   897.4941482248471   1829.9913917999934   4.814198184461076   450.86715342656123   35.363284703714065   1338.946754615893 
  2292.0   897.2324156143749   1831.0137916356473   4.795087309833432   451.8092684118449   35.40195668250344   1339.0074802856493 
  2293.0   896.5912019405911   1831.8782832711072   4.73791044596848   452.5823747950919   35.4511169048689   1339.1068803766182 
  2294.0   895.4833076960344   1830.1559413174582   4.580605965956547   451.0209945176953   35.41987055176906   1339.134469665624 
  2295.0   894.8012654886908   1829.0253173120861   4.729601003275366   449.8943798005425   35.34433247788373   1339.0570031229497 
  2296.0   895.1133246416504   1830.193371628501   4.797031975017394   450.9328556599751   35.37397719279486   1339.0895071213954 
  2297.0   894.4149622425042   1830.1506195628258   4.630954094954351   450.9792445062479   35.39464164867446   1339.145779105366 
  2298.0   893.4224776822629   1828.7095772875696   4.625303745415751   449.6538313236076   35.337102867278304   1339.093339783294 
  2299.0   893.2573178993877   1828.1355540239344   4.7155717965563815   449.13230153035374   35.284480217822896   1339.00319960421 
  2300.0   894.60731662517   1829.369321238451   4.820610633548356   450.23742026148955   35.31344361338637   1338.9978464897993 
  2301.0   895.7032250998546   1830.6985777982   4.762069752412919   451.46179363059986   35.38537584584021   1339.0893394271382 
  2302.0   895.0125592977327   1828.7663047700514   4.58828886852401   449.75606587388694   35.34553331372808   1339.0764169616593 
  2303.0   894.6400615880075   1827.9379825388935   4.767892435349143   448.9213522107667   35.276819850772156   1338.971918649688 
  2304.0   894.0630297502622   1828.6629595362338   4.6986554942276   449.66494922875586   35.31027868319767   1338.9890758225026 
  2305.0   893.1962014984204   1827.129172626468   4.567483389543257   448.3508980857566   35.27148433954999   1338.939306212913 
  2306.0   892.8196446899815   1825.3618180040928   4.609582712189491   446.78909936732737   35.18206854198793   1338.7810671079671 
  2307.0   894.1716824562093   1826.1388260901142   4.828696149442389   447.46379956946964   35.17272808952757   1338.6736029660153 
  2308.0   895.2464315776243   1828.2936624271558   4.826742781440676   449.4758009031565   35.26329622313076   1338.7278222374146 
  2309.0   894.1837757653914   1828.2366315838758   4.6963603782663474   449.4975804057268   35.290311785813955   1338.7523778120083 
  2310.0   893.2800275704766   1827.6189428971966   4.715929242175268   448.9454167925378   35.25913568518603   1338.6984609411757 
  2311.0   893.4550024397516   1828.7757484621918   4.804975901074473   449.96781809174547   35.289975503918264   1338.712979618116 
  2312.0   893.3181782176922   1830.360780107514   4.811911897700909   451.3880516357768   35.35953438220343   1338.8012823847582 
  2313.0   893.1019149946947   1831.1978746419118   4.758412340685411   452.11651381093805   35.41101240479247   1338.9119349867933 
  2314.0   892.7703648333348   1830.4055073192892   4.702630225160331   451.33999681560005   35.40197213842223   1338.960908320697 
  2315.0   893.654995583919   1830.330258606786   4.809101148354191   451.13435825907317   35.389709176732204   1338.9970893514533 
  2316.0   894.5386947775036   1831.1164865007638   4.805819482792838   451.8038277421409   35.420745336788   1339.0860944353688 
  2317.0   894.9044759151373   1831.248062355389   4.766065243033506   451.8538635059168   35.441971755444975   1339.186162660794 
  2318.0   895.3560073969896   1831.1668984237217   4.734055993895679   451.7135198553555   35.44714366427094   1339.2721782199624 
  2319.0   894.5552500945894   1830.5533028962973   4.67492017255411   451.1390130457075   35.422721066957685   1339.3166479037923 
  2320.0   894.5454885893574   1830.180871523652   4.733505365367135   450.7297991456533   35.38854179474443   1339.3290250018135 
  2321.0   894.6057163392832   1831.0888392788056   4.799720017242586   451.4677533589067   35.41405903242284   1339.4073044475876 
  2322.0   892.902711805649   1829.9296633209992   4.578875157831512   450.50011772418395   35.39682727106706   1339.453842718698 
  2323.0   892.307900105913   1830.2977287039087   4.865741106305547   450.6358188729387   35.357373838139104   1339.4387955681984 
  2324.0   891.4133561203829   1831.818456128857   4.806052802561102   452.04350426097307   35.41866790843593   1339.5502292086994 
  2325.0   891.2309643428117   1831.685961608573   4.726092653743756   451.9014614407337   35.4335292568094   1339.6248781402337 
  2326.0   891.1589392084123   1831.148421145577   4.728114663476872   451.3386059982053   35.41980223672098   1339.6618979469831 
  2327.0   891.4291464503249   1830.5890719384263   4.725994577702313   450.795882195115   35.39717269320865   1339.6700216688332 
  2328.0   892.3184065715951   1831.184690835513   4.770574988706743   451.26836614190745   35.41385562685842   1339.7318952151313 
  2329.0   892.5485283145499   1831.0796821828164   4.757907128164105   451.1307480350717   35.41217791932339   1339.778848544271 
  2330.0   893.2229615620436   1832.541143804246   4.876074528520895   452.341791438362   35.44971003669823   1339.873568865149 
  2331.0   892.7176851119467   1833.2317097256437   4.750729625844388   452.95421509854947   35.50180386561308   1340.02496193612 
  2332.0   891.6273211601516   1831.0630505897166   4.6112261448664835   450.98089292042016   35.43964867717924   1340.0312829589075 
  2333.0   891.4464804224172   1830.7965921626385   4.851472818713893   450.58293159250064   35.378242713247005   1339.9839449397268 
  2334.0   891.5509875944676   1831.466192806032   4.729094545573659   451.2431071429472   35.42229707060876   1340.0716942326342 
  2335.0   891.4034507350337   1831.8849409555446   4.775522483741649   451.567012244269   35.42715169719559   1340.1152536698291 
  2336.0   892.305834171698   1832.7557349202043   4.786868748438845   452.2781752869205   35.46789597915332   1340.2227943304704 
  2337.0   892.4805913565042   1833.0396073418929   4.781582090348908   452.45090340711295   35.48717767961198   1340.319943756813 
  2338.0   891.6469020574712   1832.9887670859403   4.750476203583677   452.3636094405385   35.486472558511885   1340.3882085663702 
  2339.0   891.1890632177356   1833.7925634790702   4.818188093727407   452.99100831494894   35.50315360978881   1340.4802134498639 
  2340.0   890.7708958406928   1834.2275610019203   4.743243091967215   453.35441738654487   35.53112304223729   1340.598779033906 
  2341.0   890.3175764607123   1832.5591922066174   4.678230393744012   451.80840132868553   35.470845129667275   1340.6017160635554 
  2342.0   890.3480557500746   1831.9311707555287   4.728812264121045   451.20334426864184   35.42433595778995   1340.5746780099444 
  2343.0   890.4723798465839   1832.8034648042121   4.812221331755023   451.94035143021887   35.43733091177358   1340.613561569847 
  2344.0   890.1971276764257   1832.7297641793361   4.702631108164414   451.8998176616102   35.45120360683831   1340.676112622992 
  2345.0   890.1770408368465   1833.5257894168892   4.8110646053358055   452.50481007249135   35.4692068738946   1340.7407075584974 
  2346.0   890.4381822665149   1832.9080845815884   4.710821841434805   451.9220325361542   35.471183692293245   1340.8040473641422 
  2347.0   890.3620549780463   1832.1290877814604   4.732892103529832   451.1354705379384   35.44111805197936   1340.8196073177205 
  2348.0   890.8389187479538   1832.827400810454   4.834345457444576   451.67913021502966   35.4484017668637   1340.8655240997261 
  2349.0   891.3515310374613   1833.6379542752654   4.813523810657903   452.35566595555514   35.491561176567345   1340.9772039802672 
  2350.0   890.6526981029793   1832.6524523645382   4.689303281984463   451.4738875253317   35.46855857828011   1341.0207018519131 
  2351.0   890.7764852796682   1833.2233126023325   4.8402257638033115   451.85723544370035   35.46049687206954   1341.0653540543965 
  2352.0   890.5978467958629   1833.5392952525526   4.763761063166008   452.1466293963288   35.48082231565907   1341.1480817670586 
  2353.0   890.3561544263608   1833.7731533617305   4.769401315370264   452.30786316124374   35.483745865709395   1341.212143190118 
  2354.0   890.2056749403791   1832.4660399851007   4.670963086716878   451.1038567929653   35.45300440827951   1341.2382147524197 
  2355.0   890.2271551294242   1832.3422057898447   4.7736322411281735   450.914545091878   35.42139056533171   1341.232637487486 
  2356.0   890.1135956960676   1833.5621792284487   4.829757274798882   451.9725590683102   35.455288147928016   1341.3045745534223 
  2357.0   888.9353226028088   1833.0812609827597   4.673765292351778   451.5702401563461   35.464560100556255   1341.3726950028365 
  2358.0   888.7512569405634   1832.6357313837837   4.7796476579389084   451.0674817535765   35.424232852392755   1341.3643683643706 
  2359.0   889.2975094917969   1832.6366190891636   4.773893644351012   451.0396007200686   35.4230947332671   1341.4000301396643 
  2360.0   889.5832457028865   1832.4414659369831   4.723641422354925   450.8524391381987   35.42297229258229   1341.4424126134365 
  2361.0   890.5474634621986   1831.7211921615656   4.768963526770792   450.1317665598252   35.38863419082355   1341.4318267576348 
  2362.0   891.9310865349312   1833.3119183913782   4.835248317325891   451.5264190019946   35.434279386636305   1341.5159725283213 
  2363.0   891.2558490005653   1832.6777116367286   4.652941632479443   451.01136397153994   35.437262913260646   1341.576144619657 
  2364.0   891.4240383110366   1833.2207372564203   4.874910390457203   451.3495744601238   35.41673583941243   1341.5795148516934 
  2365.0   891.1550252424367   1834.2683158642478   4.762278190757732   452.34787365781733   35.46936042575717   1341.6888032586864 
  2366.0   890.1204534179334   1832.4773226028337   4.6123086107658535   450.75559324886325   35.42283806074519   1341.6865823305088 
  2367.0   890.2018030284056   1831.8512497515926   4.764810584170923   450.0969485040413   35.36500539867646   1341.6244849782004 
  2368.0   890.8808653924432   1833.086085481023   4.803180565662472   451.21670890850703   35.39788715414806   1341.6683087512988 
  2369.0   890.8981004978227   1833.9899734540072   4.7494796245847555   452.04132873408565   35.44107961300545   1341.758083945432 
  2370.0   891.1607659704085   1833.987939658111   4.7030893941431335   452.0142970412876   35.44958245355801   1341.8209720027903 
  2371.0   890.807264837396   1833.8480121315886   4.76946743845713   451.79928109360776   35.43160257056601   1341.847661168201 
  2372.0   890.9667308430576   1834.7712724369242   4.774833858000162   452.60965221920696   35.45978542000535   1341.9270009086513 
  2373.0   891.1464838121962   1834.9959773042597   4.73152098472459   452.769210673551   35.47645798936451   1342.0187874758076 
  2374.0   891.6878598486556   1835.918913543597   4.804968790714421   453.4661869584103   35.510494965247005   1342.1372619269914 
  2375.0   891.070118734844   1834.3219058085072   4.631271976853927   452.0232806904685   35.48021963207695   1342.1871318828364 
  2376.0   891.0924895497529   1833.2800814911925   4.725178506551475   450.9773100970051   35.41619581320881   1342.1613970596418 
  2377.0   891.3700094608323   1834.2695071855005   4.825216674727989   451.7917053328879   35.4309488892283   1342.2216377872708 
  2378.0   892.0806702409923   1835.6463317064477   4.79725351541447   452.99715950792313   35.49425672832533   1342.3576620693086 
  2379.0   891.8163324980014   1834.715308007929   4.670796015144666   452.12530047089643   35.48389498512061   1342.4353165590107 
  2380.0   892.6029033679085   1835.0819892942309   4.843169076029812   452.26848428530826   35.47433567554192   1342.4960001620877 
  2381.0   892.8381662757605   1836.3374421390527   4.811177395206422   453.34906161230214   35.529959037397376   1342.6472444267888 
  2382.0   893.0644479348905   1835.4266822293953   4.711202635776791   452.47112871549473   35.5162056891782   1342.7281457117954 
  2383.0   892.8247269388505   1835.2494319395216   4.7653149737408524   452.20626612545874   35.49465379055143   1342.7831979310383 
  2384.0   893.103741816539   1834.8694345751471   4.756272197565794   451.7885086118129   35.48095701854722   1342.8436975754769 
  2385.0   893.1131136786393   1834.3757865146245   4.724239652599533   451.2786512196178   35.4694130180305   1342.9034822353867 
  2386.0   892.9567320297632   1834.9555067982433   4.816859807961502   451.7094327436391   35.46683108521396   1342.9623830552714 
  2387.0   892.3716476353183   1835.6638175666542   4.7568439855520985   452.3272095507949   35.50040589604984   1343.0793586086047 
  2388.0   891.8096495968819   1834.324012827459   4.663256971999027   451.0968898980446   35.45982160171429   1343.1040447034502 
  2389.0   891.8567595096281   1834.1838982612016   4.792630182499775   450.87715192861276   35.421092898175424   1343.0930247136282 
  2390.0   891.6713105042497   1835.3240377708782   4.7826615965464505   451.89952092256897   35.460249126051544   1343.1816067715308 
  2391.0   891.2023829090791   1834.5600774251845   4.722247232335346   451.1782678911196   35.44216457743924   1343.2173975961707 
  2392.0   891.3136994193834   1835.139838990403   4.812279377425717   451.60970986160675   35.449863255354174   1343.2679853718184 
  2393.0   891.3025791143747   1835.7036695152383   4.767020492916977   452.10383996380074   35.47900276351764   1343.3538060262938 
  2394.0   891.0445482096327   1836.0819067944265   4.818552379560147   452.34486567505866   35.49023390536547   1343.4282553196394 
  2395.0   891.5441682580287   1836.4096454468413   4.8026093005618655   452.5732056588939   35.51127687446746   1343.5225546447712 
  2396.0   891.1444342475456   1835.6905986778434   4.70612265462624   451.9183232308629   35.49444159591812   1343.571712206686 
  2397.0   891.6713300496958   1835.9339377183603   4.817141131856064   452.03052998933543   35.47820026529618   1343.6080664180752 
  2398.0   891.152411976576   1836.6757329860773   4.7815456444013655   452.66611057212936   35.51279088306562   1343.7152890980333 
  2399.0   890.1593048772612   1836.0488063791365   4.700636349525023   452.0788515749208   35.49852062312802   1343.7707976130462 
  2400.0   890.4039645872888   1836.8005832136957   4.85141465521379   452.6221761774867   35.49903112187539   1343.8279620263984 
  2401.0   890.6702611405536   1838.2830881707794   4.851698339073385   453.9037915700845   35.55509689998381   1343.9725021698039 
  2402.0   890.2360433495157   1838.8985598830805   4.728865058047662   454.42900522414675   35.600160749262876   1344.1405293684354 
  2403.0   889.9170709845471   1837.8602703834638   4.71566660515328   453.37602623926483   35.56270459453845   1344.2058714276343 
  2404.0   889.9794115350885   1838.1040413083886   4.78884320577567   453.47711215902524   35.553882575893724   1344.2842029011097 
  2405.0   889.4266414128097   1838.1420089237267   4.7718336753391855   453.4460866251286   35.551172854322125   1344.3729167884487 
  2406.0   888.779377766842   1837.7573372082254   4.7500628092782495   453.0431341485337   35.53354688861343   1344.43059306005 
  2407.0   888.9711484453117   1838.6412910610175   4.850607967037686   453.7311651994563   35.54727480033339   1344.512243375108 
  2408.0   888.7509140813935   1838.8184910908813   4.751139942916842   453.8798120752866   35.569952761965276   1344.617586583878 
  2409.0   887.9395122501386   1837.2815914935568   4.624981307016392   452.4862183759784   35.52777274341244   1344.6426201011673 
  2410.0   888.5670506974675   1837.5484937406698   4.855083983138409   452.5499388911884   35.49810189547264   1344.6453697268628 
  2411.0   889.5720988107845   1839.6192274956843   4.904581399674642   454.3337103670745   35.57838745250412   1344.802549299419 
  2412.0   889.4564181460829   1839.4487050683842   4.683524578336472   454.16936019085443   35.62251568377405   1344.9733046978022 
  2413.0   889.6851484792496   1838.6720262917338   4.7504478639134815   453.29004352179453   35.587306853792754   1345.044228408438 
  2414.0   890.0150820250274   1838.1668619879351   4.765576294793696   452.74373969055443   35.557870186755665   1345.0996758332635 
  2415.0   889.9597833299796   1838.5091694136088   4.75807154139661   453.0205644136584   35.55791117679477   1345.1726226264939 
  2416.0   889.5961582819131   1839.4017397188657   4.84728932814022   453.7177548879757   35.570094609771715   1345.266601233877 
  2417.0   890.6057637236496   1840.621472826693   4.852725796842243   454.7251350179048   35.62244910781709   1345.4211631001222 
  2418.0   891.1742853738349   1840.426424710037   4.769653544083555   454.4525586346348   35.6406245292873   1345.5635875281782 
  2419.0   890.8018996133233   1840.3422354444979   4.7816697263520185   454.24600968803077   35.63704603254131   1345.677510155587 
  2420.0   891.2141409797408   1840.8495701505535   4.8446533507742755   454.5609555053605   35.64505200357573   1345.7989087067097 
  2421.0   891.2917831078305   1840.9181830421992   4.7329932742554774   454.56244082283087   35.66790821462921   1345.9548407483542 
  2422.0   890.5767995504955   1841.4529316085152   4.779891203781896   454.8967490308773   35.67545065724949   1346.100841288621 
  2423.0   889.6006805805906   1840.1161575451947   4.641524783096702   453.63625362242374   35.64023043224186   1346.198147727561 
  2424.0   889.769116905902   1839.6684682167433   4.805441828216273   453.0460444546239   35.58505341642687   1346.231928013836 
  2425.0   889.5647559407499   1840.9826571819547   4.870078318715275   454.14127052874073   35.614935285767416   1346.3563740175223 
  2426.0   888.6224294902809   1840.4255730362338   4.67163138025895   453.65694427705927   35.61898290210036   1346.4780139465654 
  2427.0   888.6564473952412   1838.9716729913703   4.7056050413995845   452.2098514872888   35.55496401778499   1346.5012538740807 
  2428.0   888.3073229391563   1839.5668150332922   4.874369455157629   452.59982647263615   35.54083188902401   1346.5517870294836 
  2429.0   887.5689697248883   1839.993836661653   4.765886907234325   453.0093252212955   35.56321009995676   1346.6554150701352 
  2430.0   886.8178843688521   1839.315151126374   4.694642282821808   452.36803593328744   35.54209283083959   1346.7103808381319 
  2431.0   886.1219848325592   1838.2247052885182   4.6939072273058615   451.3132047871069   35.49758645398965   1346.720006135896 
  2432.0   885.5935630013507   1837.304205830644   4.717789787341854   450.4478390379235   35.44771157984188   1346.6908653804567 
  2433.0   885.3072145756647   1837.077289515958   4.750502561952615   450.25564456060135   35.4158993070605   1346.6552423207831 
  2434.0   885.433386711423   1837.6007879628596   4.750374013044725   450.75805708433353   35.424469475735265   1346.6678866082964 
  2435.0   884.9717095259507   1837.3835658969065   4.730825637473813   450.5968216089638   35.40624753080385   1346.6496724882513 
  2436.0   884.9887868722172   1837.6909233786216   4.77416194067554   450.8812656076407   35.39881601092767   1346.6366801464237 
  2437.0   885.0002624599424   1838.8728982521993   4.796233818511526   451.9545892963209   35.436474935401286   1346.6855991369523 
  2438.0   885.098747821218   1838.5816815880905   4.75737633678943   451.69159789624973   35.435122508114674   1346.6975833100805 
  2439.0   885.4384094036337   1839.8951839321849   4.925274692259688   452.7625520881632   35.46612037034818   1346.741237207652 
  2440.0   885.7798136162726   1841.8732029929854   4.923507359815713   454.51497442186644   35.551172255305666   1346.883547396137 
  2441.0   885.2174779721585   1841.9091354322882   4.766012360344842   454.52457305753217   35.59805942616758   1347.0204906148742 
  2442.0   884.8132308559095   1840.9320144079043   4.730259863634879   453.58046316851835   35.568571711700834   1347.0527195223788 
  2443.0   883.9299181614264   1840.6172603837285   4.762163012981166   453.2398137325146   35.54599104900779   1347.0692934514418 
  2444.0   882.8814304444861   1839.5497473201542   4.674595453087043   452.3194311724872   35.50730927360012   1347.0484116160692 
  2445.0   882.9554592604622   1838.8118583267433   4.728309027503824   451.6095578347067   35.46787711426935   1347.006113322319 
  2446.0   882.165400427912   1837.9894681250103   4.638528649200002   450.91665662756486   35.44779017751352   1346.986492869891 
  2447.0   882.4222621618779   1838.244624194329   4.823193429695061   451.06009298477005   35.422571663644135   1346.9387649185514 
  2448.0   882.8228256286716   1839.1885609887968   4.7631595836211265   451.9538623149563   35.47498681408857   1346.9965523514095 
  2449.0   883.2943375718362   1839.3486988753   4.860052174347195   452.0081121940252   35.4756072190993   1347.004927164214 
  2450.0   883.5093958507074   1840.4431370050445   4.828838366476312   452.9940516999314   35.526259847404944   1347.093987097217 
  2451.0   883.957516740191   1841.4844644634218   4.835653063665558   453.88939260680775   35.56899770223227   1347.1904212197048 
  2452.0   882.5335395969361   1839.850422498687   4.650172380973495   452.46745893973275   35.53345051479471   1347.1993421791587 
  2453.0   882.8708854414982   1840.2503913432554   4.902533681751663   452.6764593812276   35.5022640660972   1347.1691335495746 
  2454.0   883.5033721122385   1842.1131558549537   4.834642176709046   454.3775994934012   35.58937318295423   1347.311539723746 
  2455.0   882.5880307965706   1839.962044239343   4.598729033098926   452.4823399221508   35.54972970830559   1347.3312460342313 
  2456.0   882.8150634767263   1839.0613495495957   4.810998952578367   451.5350577014682   35.4706974011068   1347.244595917168 
  2457.0   883.322463597836   1840.6908456631631   4.842201098734717   453.0062547692627   35.52434179003651   1347.3180471013334 
  2458.0   883.4673959149258   1841.3925243511221   4.8005209430191265   453.5987386987652   35.57098646678213   1347.4222779814188 
  2459.0   883.6482948197404   1840.6543806325808   4.744301004940817   452.85486611567535   35.566050464343796   1347.4891626581584 
  2460.0   883.8097073532739   1841.0978853466352   4.828763181404066   453.14269144900294   35.572107829733596   1347.5543240128982 
  2461.0   883.219311954161   1841.439616053972   4.7180425765334775   453.4384591852739   35.60420537077924   1347.6789081823276 
  2462.0   882.1726152414925   1840.3878087365795   4.689207347351026   452.41515426151835   35.5655286509946   1347.71791833319 
  2463.0   881.5199578803215   1839.7483951069958   4.720261246733202   451.76658934471743   35.52495399613855   1347.7365913343708 
  2464.0   881.0920818731295   1840.266863983706   4.823406164553235   452.14355813381474   35.51996447636808   1347.7799351634612 
  2465.0   880.538552203713   1840.4551044308953   4.788822349917291   452.31735641807273   35.519843393893694   1347.8290824514506 
  2466.0   881.0691380973691   1841.3338696172732   4.86024608591594   453.032148913472   35.54048742894105   1347.9009858999073 
  2467.0   881.1301374032591   1842.1550340632698   4.812620952802611   453.73537150114686   35.585334357273624   1348.0217078519702 
  2468.0   880.849676856978   1842.8820874125556   4.851279771256793   454.30657846888187   35.60613117617506   1348.1180988288756 
  2469.0   880.7644729206609   1841.912850625374   4.6963935434743975   453.4147777655784   35.60203516195983   1348.1996437290734 
  2470.0   881.375420166469   1841.2042685942931   4.780927012219513   452.6529089911959   35.55927985892851   1348.211150863838 
  2471.0   882.0238318418561   1841.607950408899   4.780028419133148   452.9883472136596   35.56708317535241   1348.2724910009285 
  2472.0   881.339432985772   1841.6700963026594   4.7381162018922085   453.0278504777152   35.56976192447812   1348.334368290589 
  2473.0   881.0191354903353   1841.9181206920684   4.822174279623571   453.15131225699224   35.56259121627993   1348.3820445478095 
  2474.0   881.2973637324336   1843.3020816601895   4.835393156253781   454.32213314146156   35.618306090590536   1348.526249119795 
  2475.0   879.7434889968215   1841.758173719089   4.649885424850537   452.945216962619   35.5868960080842   1348.5761751184689 
  2476.0   878.6727745428792   1840.776307402943   4.73501441473982   452.0038283420327   35.51237839303328   1348.5250867209238 
  2477.0   878.2772044952872   1841.5437438232605   4.7573939127844   452.677764299831   35.53077904340842   1348.577807505174 
  2478.0   878.224424276824   1841.2416649418096   4.779515444534664   452.35356933416074   35.51296254677494   1348.5956163494357 
  2479.0   879.5423613968545   1842.6399436367667   4.881610219153635   453.5048311060704   35.559363117295874   1348.6941383655696 
  2480.0   879.5314839784737   1841.5741313199467   4.68391046110298   452.57641729170695   35.55621332061137   1348.7575890625492 
  2481.0   879.8146987153638   1841.0092644845984   4.815890196095741   451.93646778388637   35.51216545125151   1348.744740568324 
  2482.0   880.3917665706487   1843.172874087757   4.94398788260623   453.78315131486426   35.57539023224104   1348.8703463656132 
  2483.0   880.7207130633574   1844.5712886805923   4.864159048901183   454.9818908590508   35.65862806737682   1349.066610522129 
  2484.0   880.9694806742299   1844.7151981229017   4.818372004201106   454.9753895101102   35.687978843760405   1349.2334575202187 
  2485.0   880.2682535910859   1844.8520725959597   4.793694869796257   454.98002038416087   35.696961050404   1349.3813958089884 
  2486.0   879.7157060353289   1844.5825979678073   4.7992760151904745   454.6258524114547   35.674761333745515   1349.482709537118 
  2487.0   879.9502548029654   1845.5324068287994   4.8455385068569035   455.3579217924261   35.699049213199935   1349.6298963897939 
  2488.0   879.6118951743844   1845.0808658490712   4.7266075790755   454.878913407279   35.703767225850356   1349.771576141036 
  2489.0   879.5483472182187   1844.6020091046134   4.771581457796553   454.30659733664623   35.671439805472374   1349.852388996486 
  2490.0   879.4061648822023   1845.4461574764023   4.868805202100679   454.9205413022004   35.683258758401685   1349.9735512988864 
  2491.0   879.1569210350367   1844.31602421209   4.702029950886037   453.89535802529826   35.66048790558965   1350.0581491162072 
  2492.0   879.6188350483515   1843.8488888823827   4.835675754924464   453.3262276488614   35.61267941593342   1350.0743051319082 
  2493.0   880.0478489850276   1844.5678572065362   4.784514616715606   453.95436251564973   35.64345068932085   1350.1855289606542 
  2494.0   879.8507680688184   1843.2470561287057   4.7099119396212945   452.70711034645876   35.60574765729215   1350.2242845516803 
  2495.0   879.9742702350488   1843.409043990378   4.892202524232601   452.71974414596326   35.57126688588016   1350.2258298563424 
  2496.0   879.500948553293   1843.889628874792   4.7913122041077205   453.2066093257362   35.593149378957   1350.2985577699021 
  2497.0   878.8345353432859   1843.7635958019262   4.763962761521354   453.06307825987363   35.589906362327035   1350.3466474477402 
  2498.0   878.6517824589206   1843.5584300364762   4.780622399123367   452.829669832058   35.576978674525684   1350.3711586951133 
  2499.0   878.6134466804178   1843.4773267516541   4.810079505728737   452.6980871297588   35.57108586625481   1350.3980740811953 
  2500.0   879.2101438074051   1844.022311255696   4.8525751669387   453.1209192447518   35.59007440713155   1350.458741746608 
  2501.0   879.2939297494959   1844.2991788226743   4.789532488212864   453.3395067113057   35.617579791045856   1350.5525600252292 
  2502.0   878.6950241395643   1844.2950901586594   4.822657111445505   453.2648016097915   35.60706407055443   1350.600566989696 
  2503.0   878.634298839179   1844.8852470559552   4.801779482986348   453.7775095564921   35.62463726815789   1350.6813214921494 
  2504.0   878.1754181495412   1844.7729454771634   4.776773040213247   453.6302382774857   35.621742377339345   1350.7441916202995 
  2505.0   878.7284403416927   1845.9466929560951   4.8677973097201965   454.5806139056156   35.651039409090465   1350.8472419919726 
  2506.0   878.1198227615367   1845.2160647184428   4.6507486171166095   453.9505170428429   35.65919825713938   1350.955601388671 
  2507.0   877.5547895976588   1844.291809919248   4.782469752270179   452.96228393572983   35.59541760751184   1350.9516396592055 
  2508.0   878.0139756398577   1845.1020673680423   4.85370287766069   453.62305425332676   35.60883703638027   1351.0164739856657 
  2509.0   878.4810126275652   1845.7929125858489   4.833599390422066   454.1937732546941   35.64188866163099   1351.1236517096675 
  2510.0   879.2308763556341   1846.2431333877548   4.794897502462036   454.530961054007   35.67124592633845   1351.2460300106231 
  2511.0   878.5538662656525   1844.3409029876498   4.66633885076821   452.79710407679676   35.6146887760958   1351.2627711568903 
  2512.0   879.0329295824876   1845.0871747530805   4.875298027721114   453.33176088173997   35.595832766853704   1351.2842811048051 
  2513.0   879.4423716867616   1845.7072113316642   4.782562195225876   453.9013565463456   35.63154580346432   1351.391748324942 
  2514.0   880.6584275611546   1846.0359327775961   4.857498666952011   454.0688154784198   35.63713763514   1351.4724814679428 
  2515.0   881.0016726494614   1847.064234199807   4.828201976351537   454.91575164409875   35.686287912457324   1351.63399346809 
  2516.0   880.3734784373643   1846.9706797439737   4.734989504049153   454.7761561651309   35.6956225239072   1351.7639118417164 
  2517.0   880.2332106259626   1846.9876011715962   4.848467744926129   454.6166373758489   35.67221264012916   1351.8502833270843 
  2518.0   879.8351314950453   1847.4601292855086   4.798678489722636   454.98623315289416   35.690227401555504   1351.9849907295402 
  2519.0   879.9520928420586   1847.4336416400038   4.758491434053329   454.88577894169276   35.69102464612014   1352.098346876393 
  2520.0   879.9374984024815   1846.4339476620758   4.726442300855236   453.9007106042975   35.65147377690105   1352.1553212551826 
  2521.0   880.0555078312266   1844.9760375264332   4.668250398102335   452.5413706934091   35.59561590813579   1352.1707991548737 
  2522.0   880.4929163240695   1845.104974465224   4.859167918896903   452.507948148977   35.559463007973854   1352.1783953186614 
  2523.0   879.946690985778   1846.357907635125   4.867867758454056   453.6232984906761   35.594369933052256   1352.2723712096201 
  2524.0   879.6467808434596   1845.544716730034   4.729862244892625   452.9179919719755   35.581914031254016   1352.3149492683713 
  2525.0   879.7488656687696   1846.065333899415   4.901940635208362   453.2487359960772   35.57325978554449   1352.3413973942477 
  2526.0   879.6961266984412   1847.3746921344755   4.858797452136401   454.429042661727   35.62729653609341   1352.4595550394438 
  2527.0   879.4346265726357   1847.6468697216872   4.771096595660283   454.6345275017223   35.65921238074976   1352.5820335797646 
  2528.0   878.9618922523351   1846.141722871911   4.672958719203384   453.22526206549185   35.61967031627631   1352.6238326273972 
  2529.0   878.8241928599566   1845.6213651341486   4.810671100008694   452.62649986409974   35.57122195924272   1352.612972701692 
  2530.0   878.744249109125   1846.4220643683793   4.802998522316239   453.3394735182144   35.59427826299887   1352.685314130991 
  2531.0   878.4110728400796   1846.861927618359   4.789730324332106   453.70595407869143   35.607206710090395   1352.759035780017 
  2532.0   878.636963631727   1846.4569686945765   4.7480780956006665   453.2806995693374   35.605270249455124   1352.8229219599236 
  2533.0   878.3215631121703   1845.0626154039235   4.712610234553418   451.99393367076544   35.5513683729168   1352.8047042813034 
  2534.0   878.7884344720607   1845.2963936475282   4.84349597310748   452.1300731965705   35.53194832590042   1352.7908774577684 
  2535.0   878.4890067680008   1846.2756806070624   4.840295105597663   453.02774552345585   35.56291406514405   1352.844725248506 
  2536.0   877.9346925008319   1845.6836157632854   4.69548972351473   452.5327167389132   35.5663486708472   1352.8890620715092 
  2537.0   877.6495986367104   1844.7581970415717   4.731349938833941   451.6562179570177   35.51854075566832   1352.8520879644204 
  2538.0   877.6370944828362   1844.1569502010054   4.701024047464772   451.13761354035006   35.49162890023384   1352.826684053031 
  2539.0   877.711880557664   1843.2962371960532   4.73324290635306   450.3552091206636   35.44451495826637   1352.7632696574763 
  2540.0   878.4839191053478   1844.7273156657827   4.985071257307119   451.5354586312996   35.457402920206036   1352.7493841820685 
  2541.0   878.7058992453572   1846.9549815499456   4.922483882683374   453.57581763956154   35.56167239073379   1352.8950085428105 
  2542.0   878.6516198342927   1846.7164773272689   4.784078474080164   453.3472335805042   35.59326535765456   1352.9918985842637 
  2543.0   879.1685380269644   1846.0817408498538   4.836777891317764   452.67011303838643   35.56650153822764   1353.0083486592455 
  2544.0   879.9359883774702   1846.8089126407424   4.873340206649557   453.27555388724767   35.588122085088465   1353.0718966431527 
  2545.0   879.2791273416271   1847.1241577288165   4.766800277116753   453.58426737506215   35.61249060929993   1353.1605988533252 
  2546.0   879.131644792835   1846.0016244650517   4.754090578281901   452.5192030877573   35.56860290032425   1353.1597289088002 
  2547.0   879.5856454469873   1846.4572290902727   4.869650642941092   452.8485758070516   35.56425343616081   1353.174749704572 
  2548.0   880.0512714689027   1847.1547482365302   4.837479686036289   453.46635354945744   35.59906385755603   1353.2518512701317 
  2549.0   880.1427879906272   1847.6283785051767   4.868495864177991   453.84689325042564   35.61073514821802   1353.3022539318915 
  2550.0   879.2188920792424   1849.2732505852712   4.871933706871412   455.31860421408004   35.6659937742229   1353.4167176278754 
  2551.0   877.8327779538482   1848.878893983943   4.713208836118017   454.9771564083939   35.676176539119844   1353.5123516728547 
  2552.0   877.9833660307556   1848.7844000622545   4.784924398851989   454.7340287933032   35.673575965672036   1353.5918706799055 
  2553.0   877.6714269804667   1847.440048285742   4.706185060129953   453.4770202546704   35.63410717794772   1353.6227350525776 
  2554.0   878.1168069859972   1848.0773815016603   4.914689734196394   453.88993481729585   35.621712875622485   1353.6510451476993 
  2555.0   876.7885746175682   1847.3127806639231   4.674951749902689   453.2954848524654   35.62650864642685   1353.7158359767366 
  2556.0   877.0885014759243   1847.1388534306034   4.828944230047427   452.99399889585646   35.59655974793295   1353.7193514176943 
  2557.0   877.6000740017322   1848.4837940273885   4.879553982229889   454.16537037443516   35.63673726011767   1353.8021323788887 
  2558.0   877.3279601761485   1849.5832971951693   4.824339243710806   455.1364694979616   35.68874098915336   1353.9337482505339 
  2559.0   876.1414254555842   1848.0767504873686   4.664324196014448   453.7612767724402   35.66022776996175   1353.9909217770487 
  2560.0   876.4608750477794   1848.1855109938006   4.876562970209687   453.6753817644894   35.62728824680851   1354.0062774983821 
  2561.0   875.837089859867   1850.4253069622944   4.891371986292738   455.6525740468633   35.708367151105705   1354.1729940750545 
  2562.0   874.8946191555536   1850.354927996509   4.7919146388961735   455.52622090108565   35.72799584734214   1354.3087958107278 
  2563.0   874.7087000573894   1849.9837146005523   4.862541586464759   455.04166961181824   35.70522960455407   1354.3742726393464 
  2564.0   875.3746100121576   1851.0427529111587   4.879505077417968   455.906019623117   35.74408516255664   1354.5131434593611 
  2565.0   875.2396748228351   1850.4985943539323   4.736974317835408   455.39683971427263   35.742879405340865   1354.6219004919144 
  2566.0   875.736865703121   1850.2597989446115   4.883254253138253   455.01100323890336   35.70582130304049   1354.6597204666552 
  2567.0   876.4831434470335   1852.3242822831403   4.975510700442963   456.7512506813463   35.77212888884276   1354.8253917182883 
  2568.0   876.0444036890051   1852.8442464191683   4.779385126558913   457.2062282241666   35.831580374607334   1355.0270531563726 
  2569.0   875.5147396872812   1850.490350206852   4.646097143002354   455.00283727970344   35.763096244186606   1355.0783201189631 
  2570.0   875.9440512293527   1849.4072130643892   4.763851591166733   453.8625241083213   35.696224364329275   1355.0846127156608 
  2571.0   876.1653985569727   1849.7831440911998   4.8309091529972115   454.11519228717617   35.687413328041465   1355.149627384187 
  2572.0   875.4425592572403   1850.25945251762   4.816761884147156   454.5294655613789   35.68965926654213   1355.2235660173105 
  2573.0   875.3367616814757   1850.3498004178296   4.829008165046676   454.55101373401783   35.683819494528024   1355.2859590477951 
  2574.0   875.5169878303828   1850.6145697587763   4.832805837287456   454.71172042787776   35.694760284940116   1355.37528452472 
  2575.0   875.4477453835651   1850.9131399834484   4.7899148901233275   454.9309201885881   35.711135399093976   1355.4811692192156 
  2576.0   874.8259271931686   1850.9995661664286   4.7822513051985   454.94612712220675   35.707537448972126   1355.5636490357608 
  2577.0   874.8558732013933   1849.729907973143   4.7423343483293054   453.7429484240222   35.66278966509307   1355.581835880919 
  2578.0   875.5996427782775   1850.0111787171584   4.909614515899023   453.87396535570133   35.63806494299552   1355.5895340525258 
  2579.0   875.6003631166135   1852.3523409495542   4.930187326024805   455.96299045909296   35.721073656179804   1355.738090272247 
  2580.0   875.2609796302633   1852.6492571774645   4.749615395553906   456.23179717967497   35.770274305307275   1355.897569318164 
  2581.0   874.8472523610006   1850.8749169082819   4.7220495902423565   454.50881621747106   35.71411545119319   1355.929935042376 
  2582.0   875.1119083938214   1849.9069505475213   4.83220630163877   453.5217027306298   35.64964036970719   1355.903400287446 
  2583.0   876.5750870168948   1851.3179486867002   4.947885365937747   454.71817002761617   35.67996188726489   1355.971931484739 
  2584.0   875.7689624359832   1852.301714261153   4.823055018488698   455.6445054958548   35.73414615610632   1356.1000071612832 
  2585.0   874.6078128769291   1851.6830360220674   4.765619611215046   455.05945017829936   35.714206560867744   1356.1437590631876 
  2586.0   873.9961450647774   1850.4714935791505   4.729435875727663   453.9495077274163   35.66477563019039   1356.1277732209762 
  2587.0   874.1709902744911   1850.8960452039307   4.852850131218402   454.24745495185726   35.655353350076425   1356.1403875047129 
  2588.0   873.8444101544876   1851.2564308695203   4.784744398512087   454.5873383495418   35.677506986828504   1356.2068409997653 
  2589.0   873.7274339344002   1850.3142430290043   4.732378096726419   453.72701162191794   35.649236369682306   1356.2056158477678 
  2590.0   875.1379520023596   1850.7149277112785   4.900058652833034   453.96568027036653   35.64182112385074   1356.2073670436757 
