 year   CV   CS   DPM   RPM   BIO   HUM
  2085.0   879.7695992768847   1830.6169368367275   4.903771841500462   452.94487533879106   35.646949286834406   1337.1213408956305 
  2086.0   880.7377353411207   1831.0845570552667   4.751709240974226   453.41166372249137   35.68791210298397   1337.2332712181926 
  2087.0   882.0385023670613   1831.7445410068576   4.811214983770405   453.913308450911   35.70243336588766   1337.3175833334399 
  2088.0   882.054773050967   1829.8868421468742   4.640607732012811   452.2665141053099   35.653135763401686   1337.3265843266906 
  2089.0   883.1317469396041   1829.0645113833846   4.7790453815011675   451.43256556707314   35.588212647211776   1337.2646876888525 
  2090.0   883.6352670414501   1828.9240257646716   4.724667859289511   451.3630946130242   35.581486220069515   1337.2547768321192 
  2091.0   883.3926015259841   1827.4985140307172   4.662960833250661   450.13779654685   35.522712451362075   1337.175043222194 
  2092.0   883.5699915079301   1827.219144928152   4.735936903736288   449.91785813282905   35.48447933610291   1337.0808714812952 
  2093.0   883.965287862877   1826.3934130166854   4.72893867479602   449.2778943480046   35.439072976237505   1336.9475080212092 
  2094.0   885.6170919141549   1827.2472173977856   4.888046782760082   450.1001189333031   35.43600212671256   1336.8230479367471 
  2095.0   886.7412179877713   1828.3650617808883   4.758745599673117   451.26543258114106   35.50737835054612   1336.8335055997206 
  2096.0   886.8754737880171   1826.6700848175167   4.5968331950728345   449.8751918763463   35.4684344110413   1336.729624961039 
  2097.0   887.469660230222   1826.3468824500696   4.774589858803564   449.56154514030743   35.41906581655591   1336.591680671652 
  2098.0   888.3198855996925   1828.5207585456892   4.892840298979601   451.52768851714086   35.48519606557624   1336.6150339344854 
  2099.0   887.9921721194394   1829.2447090285766   4.7154781867863935   452.2765364108085   35.55374135681295   1336.6989513558442 
  2100.0   886.9247576068323   1827.645685238987   4.600924075811707   450.87109571752404   35.51549358029793   1336.6581714685763 
  2101.0   886.3229897323407   1827.041513919459   4.731612075405094   450.2912410290425   35.460675993244166   1336.5579847070242 
  2102.0   886.4689701540843   1827.5105145050586   4.771939499785358   450.75477675797083   35.46524800970943   1336.5185494803973 
  2103.0   886.6871160917714   1827.644838571541   4.745927592870304   450.91457403741447   35.477593176853475   1336.5067448627872 
  2104.0   886.9279606164644   1827.5126268145325   4.783633308967078   450.7918219806335   35.46829809891925   1336.4688738268983 
  2105.0   887.6472259868506   1828.8941060766751   4.8411428144396025   452.02139956700864   35.51666341247891   1336.514900102196 
  2106.0   886.975961058472   1828.3073063278273   4.672456086092311   451.5623672832076   35.52933285253993   1336.5431493330843 
  2107.0   887.0664803072974   1829.1652058007687   4.878568485139739   452.21036384165245   35.531059710957244   1336.5452123858875 
  2108.0   886.62257927361   1829.9296650595836   4.710951988412143   452.98647406368025   35.5872243276552   1336.645016409605 
  2109.0   885.7563528955282   1826.8452278487428   4.57012167175832   450.2464325946616   35.487725878423035   1336.540947553668 
  2110.0   886.5879920369141   1826.7306928941105   4.799012823405972   450.07651490427213   35.42923211388791   1336.4259330637635 
  2111.0   887.042537803686   1826.6750374541955   4.703710970516072   450.1375571723252   35.440521773271   1336.3932475197842 
  2112.0   886.7068829180283   1825.6083797971567   4.640764936218983   449.26890449091303   35.40345716497544   1336.2952529724566 
  2113.0   887.3279830001308   1825.7900334417848   4.781129773352527   449.43674809026663   35.38280181203653   1336.189352761481 
  2114.0   888.2446734902963   1826.3686744646727   4.782367247876593   450.04642168154885   35.40421293518287   1336.1356726958406 
  2115.0   888.4167074904728   1826.3714264926523   4.66986478361139   450.17408013612845   35.423103562815484   1336.1043772690634 
  2116.0   887.8480696707661   1826.1419971083221   4.706560376540823   449.98422673428087   35.409991946289054   1336.0412176213724 
  2117.0   888.4806302715996   1825.727873268048   4.708460917974017   449.6427925375263   35.39736038025557   1335.979260865168 
  2118.0   888.7917160329988   1825.678813881047   4.706893486109059   449.6221311061414   35.4023113832226   1335.9474784573727 
  2119.0   888.0307939009729   1825.4761640390489   4.727617532332416   449.46698248720037   35.388794459669704   1335.892769835142 
  2120.0   887.0946247579816   1825.3699534134494   4.685187540038113   449.4649581142732   35.38045613749227   1335.839351674385 
  2121.0   887.2587661218445   1825.3591314308997   4.757146549726293   449.51353504305376   35.35519868797753   1335.7332501467374 
  2122.0   887.8756214587421   1825.8703057075786   4.7331759256981725   450.05496081968494   35.37914766597505   1335.703020929138 
  2123.0   888.7347552731683   1826.9307588388897   4.7503058750802065   451.0086413164526   35.428465028188064   1335.743346534369 
  2124.0   888.0736583644175   1825.3637772724921   4.536420708812985   449.693511957772   35.4119303528568   1335.7219155683563 
  2125.0   887.6427760347229   1823.2929766981538   4.650142232839725   447.8046875374875   35.30170588932467   1335.5364421274517 
  2126.0   888.709471203149   1824.9381545155695   4.869637879351977   449.2902607776798   35.31431945571501   1335.4639371484886 
  2127.0   889.2552858658997   1826.7243888295457   4.75794750490449   451.0350264316584   35.40241058529192   1335.5290030593267 
  2128.0   889.0648527233341   1826.1597869218058   4.665896107067263   450.5527179772184   35.40990474811965   1335.5312674968745 
  2129.0   889.5113992603777   1825.780207434386   4.751715914190027   450.14703642536824   35.38955562590736   1335.4918995347457 
  2130.0   889.1003623135156   1824.33708629277   4.598515704528672   448.9543952095588   35.352495467053956   1335.431680579371 
  2131.0   889.7107013436139   1824.1858003261225   4.734955644111396   448.7914649214841   35.320016829293095   1335.3393606379511 
  2132.0   890.0546579676594   1824.6544662896604   4.70633044442849   449.28150387607843   35.34214404649643   1335.3244874031714 
  2133.0   890.3413334579861   1824.8914079726633   4.737850252104067   449.4759188439542   35.35517802697628   1335.3224612282079 
  2134.0   890.5320834434981   1825.783426653445   4.799051197099773   450.22905483767823   35.38990782846521   1335.3654124956197 
  2135.0   889.9883115684258   1825.6047985828754   4.689421698737441   450.1175881801072   35.401371325702634   1335.3964176351594 
  2136.0   890.4212765692971   1826.28265303565   4.789557725349403   450.66339235118227   35.41217786078476   1335.417526650813 
  2137.0   890.1173614819247   1826.9094952504975   4.743139524380833   451.22544318892545   35.44697588531819   1335.4939369716783 
  2138.0   889.478815281148   1826.6801448065567   4.698992308229515   450.9824004220035   35.45094424791439   1335.5478075967194 
  2139.0   889.3966670452523   1825.1124976834005   4.595953912230558   449.57228473322505   35.407482954501006   1335.5367769545385 
  2140.0   890.5929325837897   1824.665671344313   4.777177522832226   449.06057144034355   35.353256247448236   1335.4746679692742 
  2141.0   891.5319648720733   1826.638908853309   4.873575929353666   450.81037225711384   35.40841744783045   1335.5465432363244 
  2142.0   891.7829461837864   1826.710469343289   4.682546232753322   450.9277915268824   35.453144249245874   1335.646987703122 
  2143.0   892.2144620099615   1825.8014207657566   4.731520470062306   450.0156480913996   35.41334152005611   1335.6409091426874 
  2144.0   892.2381569645142   1826.0387352687892   4.717237800835231   450.23445721939936   35.41339750003859   1335.6736424338883 
  2145.0   891.910621183601   1824.9093639765333   4.64530881404665   449.23803436219913   35.373368457403764   1335.6526509065875 
  2146.0   892.4267128025358   1824.9382623938825   4.782788540109371   449.21014305644934   35.34418118525212   1335.6011499268366 
  2147.0   891.9445116486221   1825.845951962341   4.763913613136269   450.0961147872606   35.370330747179125   1335.6155947087889 
  2148.0   891.7577432566126   1826.0936190248576   4.74240462329357   450.35049198614854   35.38143506430689   1335.6192889599952 
  2149.0   891.9023790928343   1825.6368941526373   4.7293000528480045   449.93302220814206   35.37248452448587   1335.6020870819748 
  2150.0   892.2131851118969   1824.8491448739858   4.730841650605556   449.23375981751474   35.34319910422729   1335.5413433685017 
  2151.0   893.2904493533116   1825.4284967833487   4.805295157332409   449.7811228072979   35.34703460233719   1335.4950449435712 
  2152.0   894.3025924679648   1827.0915548603784   4.811296582877103   451.30105455747486   35.41667244787885   1335.5625314522238 
  2153.0   893.838470575367   1826.0942868070151   4.62032875744343   450.48486223349505   35.415290163628626   1335.5738038782786 
  2154.0   894.4060086520961   1826.1511634923145   4.7742209804894244   450.44361474201787   35.390222125450435   1335.543104533829 
  2155.0   895.0605409378771   1827.7590976183915   4.787568830041756   451.8818588862081   35.45184058312453   1335.63782887535 
  2156.0   895.476663034169   1827.3129206223286   4.657579198124371   451.466120676814   35.47003980377736   1335.7191822500947 
  2157.0   895.0759447195866   1825.6238688460862   4.6343696571711295   449.8906931804596   35.40828159857403   1335.6905252098456 
  2158.0   895.915678848433   1825.4843145840273   4.787179941386489   449.6844768764578   35.36857165429629   1335.6440854312395 
  2159.0   897.3399898489096   1826.22316541641   4.773187997036903   450.36677543634426   35.397575662574326   1335.6856253645612 
  2160.0   897.6277073839826   1826.7378897469657   4.725452376891034   450.8368331878623   35.42734150979568   1335.7482615225101 
  2161.0   897.3582357835732   1826.0828480882221   4.668367613821339   450.25213621969505   35.40991078868927   1335.752434868429 
  2162.0   897.8213125170164   1825.868695281154   4.757832283787186   449.99366739194807   35.384317490547055   1335.7328775205804 
  2163.0   897.2637351827418   1825.2750256038426   4.665015180981698   449.52533339177904   35.36508292335342   1335.7195946694774 
  2164.0   897.5475240863017   1825.262708797521   4.749557900068868   449.4972161689179   35.34117489118116   1335.6747604563332 
  2165.0   898.0332474519357   1826.0290542393634   4.752755324487798   450.21535877955677   35.36675229342212   1335.6941881013781 
  2166.0   898.2894291456109   1825.6099895672176   4.647284228434705   449.876738522933   35.3724772765516   1335.7134904907955 
  2167.0   898.2282952571923   1824.5033092885117   4.665682867325716   448.8548550134429   35.326537274852   1335.6562340739756 
  2168.0   898.9341606225431   1825.3611807415757   4.798310245398063   449.6072083330312   35.3272788423672   1335.6283833389407 
  2169.0   899.242578344257   1825.3405037061054   4.639705077268747   449.6747472487343   35.35685100906014   1335.6692004523563 
  2170.0   899.6596929011636   1825.5748232889034   4.800210635900408   449.78996810808434   35.34220751143628   1335.6424372551355 
  2171.0   899.9926930898315   1826.6910386499053   4.773710911138501   450.8158549676208   35.39046802572988   1335.7110041074473 
  2172.0   899.7654610707042   1827.1192741457405   4.760843055852479   451.1806701628211   35.40904980887734   1335.7687119120433 
  2173.0   899.9360449001929   1826.4854061251049   4.685180850208075   450.62047721705204   35.39492160447782   1335.7848253867464 
  2174.0   900.5416057888566   1826.384436382189   4.740011816641207   450.4808836827185   35.381292845605216   1335.7822482760307 
  2175.0   900.5373221049894   1827.0392134297415   4.766799753888874   451.0567028448469   35.395774865343895   1335.819936687695 
  2176.0   900.6645720539523   1826.353853209588   4.643123479442451   450.48407633671286   35.38678711515254   1335.8398677089594 
  2177.0   901.6423966134188   1826.4884846275804   4.762803847718079   450.5130057749613   35.375881844073504   1335.8367928383893 
  2178.0   901.3622102875811   1827.403033966252   4.731173015180635   451.3290169380727   35.419576781771426   1335.9232667604467 
  2179.0   900.5517157673493   1827.4377736176311   4.7076603192741855   451.3197001928334   35.42664536644901   1335.9837679712355 
  2180.0   900.1985615312699   1827.870460675826   4.799277813649028   451.59700267496237   35.432167010628724   1336.0420134931362 
  2181.0   899.9760393420601   1827.9692721507365   4.742094881755359   451.6503425819408   35.45206747237685   1336.1247673479604 
  2182.0   900.1315958684103   1828.1802922251316   4.78286620082359   451.7423366922092   35.457640010279924   1336.1974479859277 
  2183.0   900.3999636070523   1827.9363855169274   4.700710578325694   451.4720313716765   35.46908891208582   1336.2945546746741 
  2184.0   900.0338466879892   1827.1554528076035   4.656310494190938   450.6889642915021   35.45214092200839   1336.3580381419138 
  2185.0   899.9695130119013   1826.245861419915   4.75414025490904   449.74585984792924   35.398209669779064   1336.3476517313404 
  2186.0   900.5566364491413   1826.6233181213165   4.744438301284715   450.0886811695517   35.404369357206896   1336.3858283726447 
  2187.0   900.252515208034   1825.4762795274803   4.608095880048982   449.1328238613565   35.36581218135846   1336.3695477935648 
  2188.0   899.4313722510085   1823.2457745376516   4.598161331085397   447.1802521627572   35.256157122008624   1336.2112033154006 
  2189.0   899.3285846286688   1823.835523353237   4.801829662284732   447.7204839850803   35.22081879410723   1336.0923917491289 
  2190.0   899.0659033026467   1825.1559878924224   4.754318320583169   449.03651409643436   35.27298336758665   1336.0921724143132 
  2191.0   899.8677021354564   1826.2480100295802   4.767101296211372   450.02546513567586   35.3252966901773   1336.1301480418026 
  2192.0   900.685423498087   1826.7212304812692   4.7261175763790515   450.43087785484   35.367191078915006   1336.1970443595187 
  2193.0   900.4589716812416   1826.9466256065346   4.77783860939205   450.58943093703   35.36627186933298   1336.2130833489748 
  2194.0   900.8435822005805   1828.166814574462   4.758254190202659   451.67379881601045   35.419471881383366   1336.315289057225 
  2195.0   899.8061832045782   1827.5322397542252   4.674400991966453   451.07712195082604   35.41495254772076   1336.3657623143777 
  2196.0   899.3069909283905   1826.6128475211344   4.713092352405775   450.2051402375622   35.364505590920885   1336.3301104059447 
  2197.0   899.0102452000518   1826.6246870940545   4.744762550883792   450.18905036849986   35.35755012176501   1336.3333241838977 
  2198.0   899.2049795180059   1827.0706839092054   4.8013596212395   450.57337845171344   35.361855955874795   1336.334088412256 
  2199.0   899.7138456664168   1829.0451017281864   4.8977041541727955   452.2932334541559   35.42765226287296   1336.426512179177 
  2200.0   900.2543019890859   1831.3474038781944   4.88109287526328   454.30766060332036   35.53553012196722   1336.6231198728017 
  2201.0   899.7005956825632   1831.996723375744   4.746650020139751   454.8280957580636   35.6001427866566   1336.8218355046058 
  2202.0   899.0758682979132   1830.3303470774424   4.687058955160578   453.21076806684493   35.55020769128937   1336.8823121761209 
  2203.0   900.3101822375542   1830.8950850774445   4.907049988128537   453.5111345145431   35.536818801352744   1336.9400830056345 
  2204.0   900.2209310983528   1831.4461402184165   4.725343184572758   454.0600147130422   35.58055669817176   1337.0802264991078 
  2205.0   900.1279787638971   1829.899509863035   4.6356905909712705   452.61469546919636   35.5346345092244   1337.1144887424302 
  2206.0   900.2630810234169   1829.7713643276484   4.808792589263901   452.36885210965954   35.49210148077564   1337.1016184111274 
  2207.0   900.1932040091488   1830.4725082376244   4.757301903994668   453.02745254330284   35.51784387511737   1337.1699084448658 
  2208.0   899.857931721519   1830.1670078117934   4.71214222627998   452.7258437008314   35.512313360275435   1337.2167079415258 
  2209.0   899.4505212691236   1829.7830130473712   4.692593599114777   452.34190636592444   35.50036432395323   1337.2481485345684 
  2210.0   899.9589630597825   1829.0794990574486   4.674300599815137   451.69355739747306   35.46810320067116   1337.243540105872 
  2211.0   899.8343362040582   1829.2479940892522   4.711381236008052   451.8324505279921   35.45425938768426   1337.249904110818 
  2212.0   899.0026047824022   1828.630510664304   4.663283305488417   451.2771004587223   35.43716072389396   1337.2529668865068 
  2213.0   898.7555223319189   1828.829006142696   4.7704015352642495   451.4016028107146   35.41925580066695   1337.2377455361043 
  2214.0   898.1439994744852   1828.786930696743   4.662102963879783   451.4156835374316   35.43092150845948   1337.2782236998687 
  2215.0   898.3027132279047   1828.7310433424689   4.757156457042106   451.2786771401108   35.4127637770892   1337.28244450171 
  2216.0   898.5341025417848   1828.8088079427591   4.67918087007675   451.3511353399123   35.43382568158596   1337.3446653276667 
  2217.0   898.477236626013   1828.0509049392044   4.687974962491825   450.62181122109354   35.402393667611435   1337.3387261950513 
  2218.0   899.3657139671466   1828.2332582789463   4.795661290821083   450.7059621889153   35.392659568378654   1337.3389734684185 
  2219.0   899.7648930155218   1828.8797947357677   4.765020352009784   451.2866287030608   35.423239103802906   1337.4049074594984 
  2220.0   899.6949822732304   1828.5675461303342   4.692945573745106   451.0074195849647   35.421788571286335   1337.4453931167188 
  2221.0   899.6430145384975   1827.3396281079492   4.6663310815417285   449.8661919540405   35.38083540776972   1337.4262683360612 
  2222.0   899.118186313339   1826.7662108765378   4.658634045046975   449.37456200259186   35.34297836786542   1337.390036779435 
  2223.0   899.4454720572305   1827.18474091643   4.724302892774473   449.7439532126555   35.338701249773735   1337.3777837583193 
  2224.0   899.7440767670422   1825.9554831227179   4.602085010423806   448.7146988045685   35.30797410094833   1337.3307252711463 
  2225.0   900.7007829411858   1826.0740003745257   4.789451205931871   448.7587616921351   35.27298688432747   1337.2528001275846 
  2226.0   901.1671424352276   1827.0758400665072   4.743597046683284   449.725531292042   35.3153901262747   1337.2913210512056 
  2227.0   901.3268028491375   1826.2609940228397   4.65291195091205   449.0264180178512   35.301305833655796   1337.280357680856 
  2228.0   901.8786894181576   1826.7892407770828   4.814294135565572   449.4032877433635   35.30273736151078   1337.2689218234161 
  2229.0   901.8475696085335   1826.882098690014   4.673682311052909   449.56248125718463   35.33226726229677   1337.3136684253418 
  2230.0   901.5958737988709   1827.5861037704722   4.797951527024814   450.1350596435159   35.33270069745329   1337.3203919702387 
  2231.0   901.190937233749   1828.128400147198   4.7336450921725355   450.6671440360873   35.35991333971958   1337.3676986084793 
  2232.0   900.8062415251013   1827.8988519930529   4.6955034809557175   450.4467013544108   35.360597614530235   1337.3960474420937 
  2233.0   900.5898293234325   1828.0238603710757   4.753504394810821   450.5047643387831   35.35434987815874   1337.4112421156512 
  2234.0   900.956670508606   1829.179454324396   4.788810820453063   451.52761820027877   35.38524026736576   1337.4777847632588 
  2235.0   900.3246434520252   1828.1561037695328   4.6434801034007664   450.6631245249111   35.36439863125617   1337.4851006040533 
  2236.0   899.9744994497959   1827.9743429691155   4.723925788637065   450.4653517352277   35.334517664347636   1337.4505476471368 
  2237.0   899.1246101625175   1827.1656298127737   4.5983465803175445   449.82604371069266   35.31637179723077   1337.424869152251 
  2238.0   898.8989939156619   1827.2336743536453   4.760800856115016   449.85149876655134   35.28004690312716   1337.3413284971746 
  2239.0   898.4349151195472   1826.782382744628   4.636037844468979   449.55418306672254   35.28202273890107   1337.3101396723328 
  2240.0   899.0404486489631   1827.1361065242315   4.7425512595409165   449.83002939078335   35.28223199676587   1337.2812942539495 
  2241.0   899.5492897146461   1826.8894147071014   4.685783341322949   449.6345387058594   35.292405596786516   1337.2766890202947 
  2242.0   899.9263249059837   1827.5700983638462   4.777750696358812   450.22146347249475   35.303590370660785   1337.2672966507891 
  2243.0   900.9446652774254   1827.539209312974   4.746771494885046   450.224959189598   35.312344850222594   1337.255133997254 
  2244.0   901.2236924239775   1826.4924329880732   4.638879754099326   449.3350461659207   35.29435139413313   1337.2241551409984 
  2245.0   902.3243625906474   1828.1171239232358   4.887757203008345   450.66116564905985   35.32511786535748   1337.2430845226231 
  2246.0   903.0899219008188   1829.7923572167815   4.83703630503616   452.1842469110537   35.40769131514102   1337.36338417872 
  2247.0   902.5070518801427   1830.6853012686527   4.702471965342631   453.0045634474101   35.47056847155103   1337.5076961695536 
  2248.0   902.2825934531783   1829.218370243108   4.598598112521619   451.6142011264431   35.442625023690404   1337.5629461808485 
  2249.0   903.1945119474693   1828.637400805909   4.722166618768574   450.94016655124506   35.39900910355828   1337.5760584671452 
  2250.0   903.8512771538761   1828.8242481558784   4.711065477430995   451.05891632038924   35.40749269475461   1337.6467734685589 
  2251.0   903.9378352332247   1826.7955607988674   4.59619524913545   449.25063153148653   35.33630995246492   1337.612423693342 
  2252.0   903.3272908115626   1825.3993566206125   4.730604060360656   447.94870217600766   35.23704827340837   1337.4830024084024 
  2253.0   902.9991526032911   1826.7966628911877   4.775497741425098   449.2814646482159   35.263947194477176   1337.4757535485535 
  2254.0   901.6369961996417   1826.3687673181305   4.634127559034069   449.01264050219993   35.26216763024049   1337.459832667224 
  2255.0   900.102734513948   1825.8865579920873   4.68060081271451   448.59656026409675   35.22515468254558   1337.3842410506395 
  2256.0   899.7984468428855   1826.826608609532   4.717978321488375   449.45929865357647   35.25670726841234   1337.3926256885263 
  2257.0   899.6117201010801   1826.8884033056395   4.716585705380757   449.50859683758256   35.267027443212115   1337.3961944866076 
  2258.0   899.6656456969774   1827.6254292049985   4.761912309471928   450.13122807982944   35.29748454036978   1337.4348027973422 
  2259.0   899.2532983795271   1826.8066947253453   4.682729089224134   449.410537047126   35.28524642440731   1337.4281827165162 
  2260.0   904.9218226164695   1826.2641953457385   4.675265688826841   449.14550694050257   35.25367484076916   1337.189746944218 
  2261.0   905.2667735912208   1827.293477992867   4.818630204222993   450.0390020128158   35.27205558140121   1337.1637902865025 
  2262.0   905.1541941963326   1828.2100384048817   4.710045174046313   450.9200843188663   35.334634523039036   1337.2452746509398 
  2263.0   904.9125812640991   1827.7520372459367   4.708535943909939   450.452608135839   35.32776547031498   1337.2631275708818 
  2264.0   904.6467748623984   1828.1566220446541   4.789123255031722   450.7648696264163   35.326809457345966   1337.2758197499381 
  2265.0   903.8994769016407   1827.8159364477306   4.681903116597909   450.52361207438184   35.32113355545764   1337.2892879227072 
  2266.0   904.6739774665026   1828.2630260800588   4.749465797473872   450.86564272509435   35.332032777646575   1337.3158842356565 
  2267.0   904.760954503976   1827.5488166473501   4.660531489855393   450.23643478863903   35.3251258855295   1337.326724694578 
  2268.0   904.4052214521103   1826.6419139858847   4.67165369931704   449.4182930837433   35.280450659524526   1337.2715164724266 
  2269.0   904.4860144149113   1827.5310665361594   4.763926012349281   450.18081781329437   35.29750096253884   1337.2888224501587 
  2270.0   904.4714012639454   1828.0972568167924   4.70574313082429   450.70467942181835   35.333559463597055   1337.3532745668185 
  2271.0   904.4242993429508   1828.1574359211918   4.734675138791927   450.71117094283704   35.33315001582564   1337.3784391988138 
  2272.0   904.2189460628271   1828.5205116981288   4.775013508048142   451.0042351722801   35.33792985850996   1337.403333749209 
  2273.0   904.047712948087   1829.7238279358241   4.804003719594525   452.0517851350954   35.382312291448045   1337.4857270989075 
  2274.0   904.5922995315435   1831.2683904277894   4.801951654402329   453.410704411517   35.44750605314324   1337.608228297673 
  2275.0   904.3654383955421   1833.0847446732234   4.813909167417758   454.9574168995265   35.52651760894488   1337.7868994810726 
  2276.0   902.9227395815989   1831.7121866152393   4.603049980324992   453.6938175919628   35.518470669803   1337.8968466997644 
  2277.0   902.319040038432   1830.7133939801306   4.724852489452248   452.6174128617114   35.46167136491426   1337.9094579417172 
  2278.0   902.9332998276915   1832.2902626258644   4.859866344767745   453.9041562379884   35.50122764279085   1338.0250116959949 
  2279.0   902.7186192147597   1832.133017469716   4.650517386184245   453.76253619466905   35.539250714570095   1338.1807131436547 
  2280.0   902.3123031094411   1830.820055562014   4.685667186944226   452.4464232797374   35.481297620368004   1338.2066664742486 
  2281.0   902.8118926974697   1831.4191589951417   4.764215339936968   452.88593568837507   35.487174418850465   1338.2818350063571 
  2282.0   902.9168677350265   1831.9065725932442   4.7508043115640985   453.2709186241036   35.505245960745775   1338.379604381857 
  2283.0   902.6580824197305   1831.5084672099285   4.707003519370153   452.8530998031303   35.49640987320142   1338.45195369221 
  2284.0   902.7193286769856   1831.2533988634964   4.719770823328112   452.5437811101855   35.48298929627726   1338.5068578374437 
  2285.0   902.1563964705405   1831.1086457842882   4.744974434125376   452.33885389525125   35.47097263021893   1338.5538431228244 
  2286.0   901.8630655468598   1831.6076307644996   4.812359304934227   452.6976462733171   35.47894282443934   1338.6186814654166 
  2287.0   901.7618838322478   1832.8077514516747   4.761559676354764   453.74892270765287   35.53269119481777   1338.7645784140293 
  2288.0   901.4420367471812   1831.9323182713279   4.613169659126791   452.9135084723778   35.5316149115441   1338.874025604378 
  2289.0   900.4983086218726   1830.2271465401195   4.664199872162284   451.2395877498408   35.455568833799816   1338.867789035404 
  2290.0   899.4098318018729   1828.8207349202999   4.671049914830483   449.96094332609545   35.37973156253542   1338.8090109944762 
  2291.0   898.8625021291228   1828.4378804072862   4.698907441468273   449.6499238442253   35.3358284895766   1338.7532200081703 
  2292.0   898.8286437263822   1828.6441369173788   4.7208189661389754   449.86987036224554   35.32710397506696   1338.7263441596788 
  2293.0   898.8311953198745   1829.1465348911286   4.727553048626177   450.3303786021653   35.34264903186555   1338.7459556144927 
  2294.0   898.2416826416128   1827.9215007389903   4.603034435331224   449.277704821976   35.317862134864704   1338.722898728319 
  2295.0   898.1530861755424   1827.7095456922325   4.783501544070817   449.00915138640835   35.275171387324455   1338.6417211911146 
  2296.0   897.8912850593449   1828.3894177371144   4.737295002849579   449.6943741415616   35.30382432736516   1338.6539255250484 
  2297.0   897.9271194053068   1828.4262489888943   4.749788594589855   449.73245751526866   35.30637322113366   1338.6376293761577 
  2298.0   897.6064177999739   1828.3830412590928   4.744598412866836   449.73367984917036   35.29911549785241   1338.6056475886617 
  2299.0   897.6724329611687   1829.6419899518778   4.7861399620022596   450.87157596596603   35.33890193968089   1338.645372499206 
  2300.0   897.0322323144333   1829.0720394147027   4.656567246521422   450.41666676014825   35.33938785327376   1338.6594174489705 
  2301.0   898.0469807990773   1829.307839298418   4.779201161438246   450.53182447997204   35.336172979990046   1338.6606400812425 
  2302.0   898.8737776487056   1829.9572879108982   4.767680140409931   451.07866551870995   35.3738492187639   1338.7370951268135 
  2303.0   898.8132046242122   1830.8596435871143   4.78045688467404   451.8376625490537   35.41166132162817   1338.8298635063388 
  2304.0   898.1120566258129   1829.8909859533771   4.641767372344149   450.993801190841   35.396169738469304   1338.8592480110487 
  2305.0   897.8888385733079   1829.628725553053   4.762960415484544   450.67605821679564   35.35708289392885   1338.832624684217 
  2306.0   897.4460900252086   1830.8240561706614   4.796933853192869   451.7417474828751   35.39025723426691   1338.8951171494457 
  2307.0   897.3086680828484   1830.6368425144178   4.683354905058774   451.5802359153614   35.408228146725556   1338.96502323535 
  2308.0   898.0535412377329   1830.4981944275687   4.811108171164114   451.3413620815227   35.38450683533125   1338.961217495225 
  2309.0   897.7297556309543   1831.2978357688094   4.730121490692848   452.0734443641765   35.43097695352947   1339.063292403321 
  2310.0   897.6237459785235   1832.083743317341   4.805516619854549   452.6756214452017   35.452600507186055   1339.1500062365271 
  2311.0   896.8719195832537   1830.6305189295922   4.590143129755119   451.4067101491603   35.43175588347281   1339.2019087670917 
  2312.0   896.9919267365425   1829.0701244004795   4.684192685029647   449.91998096268713   35.34406913661417   1339.1218802842095 
  2313.0   897.7009798891393   1830.3561345656015   4.837899249337651   451.02208892514943   35.35926028841817   1339.1368865445484 
  2314.0   897.4848416573768   1831.0231745266299   4.727434087673703   451.6676626924655   35.40599030366505   1339.2220873415465 
  2315.0   897.1720385999207   1830.3466482281485   4.700313624656377   451.0128241151905   35.39085627823881   1339.2426555321879 
  2316.0   897.7580499502498   1829.2668547493709   4.702113417919719   449.9915982689159   35.35081461756985   1339.2223287779623 
  2317.0   898.638879091057   1830.6095739113598   4.838199030956929   451.14382345887196   35.371615194726964   1339.2559343440116 
  2318.0   899.0043691491812   1830.9669624396145   4.705142665559953   451.50512650331547   35.41025187910467   1339.346442810579 
  2319.0   898.5384879932145   1829.9035381887406   4.675192872464156   450.4983410701311   35.37703021270769   1339.3529739728363 
  2320.0   898.2080065066892   1830.46186342082   4.80714437692729   450.9270577965049   35.36881911917539   1339.3588430326727 
  2321.0   898.5246715675243   1832.4721298459322   4.852001599841886   452.7008624597186   35.437472348220254   1339.4817935157496 
  2322.0   897.6305854057725   1832.1271235231025   4.6173089341968545   452.4330747926121   35.469171546247374   1339.6075689613085 
  2323.0   896.846825149318   1830.9568869684672   4.728127531496898   451.20350453439653   35.412595292563026   1339.6126599810602 
  2324.0   896.7775786047035   1830.829165617478   4.729066788082249   451.0320469685311   35.40624633704497   1339.6618056747216 
  2325.0   896.5394288421501   1829.1251766367116   4.609758196856746   449.51029638180137   35.35553888707448   1339.6495843575121 
  2326.0   897.0687900210256   1829.0534797101986   4.806581853455504   449.34139269041657   35.3080027989929   1339.5975026943338 
  2327.0   896.9028311501795   1829.6758668370449   4.718036764453357   449.9779542312866   35.334889225426835   1339.6449860484563 
  2328.0   896.5281619699475   1829.4532131048861   4.685788554118249   449.7904587533089   35.32650132180612   1339.650465465282 
  2329.0   896.2408425844264   1829.8804782415891   4.782143314836401   450.1201649922064   35.32200737104067   1339.6561622611134 
  2330.0   896.6405562612015   1830.0151479855788   4.7159254832862825   450.2783128295554   35.33641712671308   1339.6844927262287 
  2331.0   896.3259127052468   1831.5259902331263   4.796280012158376   451.5879877833298   35.382052815124744   1339.759670742438 
  2332.0   895.02012878877   1831.214485350046   4.638814255141599   451.3549138497295   35.39467692997783   1339.8260800555554 
  2333.0   894.8604237096083   1830.124325408106   4.748391091019954   450.27190192019935   35.33221439398095   1339.7718196025833 
  2334.0   896.1418560206541   1831.143815198262   4.788569857887629   451.17267578201665   35.36563042398471   1339.8169404797163 
  2335.0   896.0594590061454   1831.383752839372   4.703192657541332   451.408197646728   35.38915692196712   1339.8832065712804 
  2336.0   895.2515746724006   1831.159170970556   4.706869890285185   451.1645664035245   35.37609690913683   1339.9116369179803 
  2337.0   896.1724575904412   1831.7147806566777   4.784143105400541   451.59554477035044   35.38475705954485   1339.9503369696033 
  2338.0   896.5476156237543   1832.609007847696   4.766168081322785   452.36464480399235   35.42656962473697   1340.0516255688808 
  2339.0   896.5183535689649   1832.0184649586647   4.670136509158278   451.7887981090222   35.43012842139545   1340.1294021774113 
  2340.0   896.2759777419443   1831.9309374907698   4.784043514338448   451.56614447287836   35.41202658094716   1340.1687247060709 
  2341.0   895.620993445508   1831.824180751637   4.682038025878506   451.4920864198969   35.41744844766263   1340.2326080270886 
  2342.0   895.2836066987004   1830.746542232783   4.635345190690758   450.4931737758098   35.38161576795629   1340.236407690063 
  2343.0   894.5417926492886   1829.5289753317315   4.652574690144723   449.37735855619536   35.31761938653431   1340.181421824623 
  2344.0   894.8591107789977   1829.754456859313   4.75579598030326   449.5331075807899   35.304711535624705   1340.160841363974 
  2345.0   894.0465891058351   1828.7056620432409   4.62922361787611   448.6714608701092   35.27923707028611   1340.125738901511 
  2346.0   893.9900926667027   1828.6779848180863   4.808878765712058   448.60825340184823   35.23443525141567   1340.0264190876808 
  2347.0   894.8547203304802   1830.5377094910934   4.838992136846873   450.32559145250775   35.30245772984893   1340.0706696113068 
  2348.0   894.8119727662252   1831.8933953530868   4.804321730073181   451.55682813957543   35.37071259294605   1340.1615336021932 
  2349.0   894.5944409974738   1832.0238894591075   4.723885965488166   451.6468159558816   35.40486978280464   1340.2483189274026 
  2350.0   894.2791532455964   1832.048963463702   4.75661877823489   451.594796415083   35.40290711619791   1340.2946407709032 
  2351.0   893.6415711488432   1832.3888042881301   4.777906011467805   451.84829491967776   35.411410166031764   1340.3511922022765 
  2352.0   894.2809155195694   1832.6592014201751   4.722991617441657   452.067428427449   35.435045158334134   1340.4337364313233 
  2353.0   893.9501515643259   1831.4316356082281   4.635739899979911   450.95286858359145   35.39860015051517   1340.4444257418868 
  2354.0   894.8443942385363   1832.5782192018057   4.898443666662417   451.81094416755934   35.399753783899044   1340.4690768780108 
  2355.0   895.5643556186573   1834.2636906060682   4.827870638986228   453.3353842530439   35.47883180421187   1340.6216031242784 
  2356.0   896.281223058409   1835.0115455493756   4.759561482664304   453.93308154129375   35.53351428041663   1340.785388037963 
  2357.0   895.792939647631   1834.129898523404   4.646082312987134   453.0723407142843   35.52271265154053   1340.8887620254393 
  2358.0   895.7025583236426   1834.1374441617538   4.7959049516864045   452.9093937633225   35.49326428578106   1340.9388811804336 
  2359.0   894.7162742966277   1834.6692293448477   4.723147737478563   453.36105355682685   35.52196875646477   1341.0630593760723 
  2360.0   894.0595041703093   1834.0154935880448   4.741026736244376   452.65678435601035   35.496009270330724   1341.1216743164612 
  2361.0   894.5456202652388   1834.7625558194522   4.851863006181608   453.2039563224826   35.505568844465074   1341.2011664739848 
  2362.0   894.6513697342868   1836.7183081019143   4.871535340325595   454.8833007303747   35.58207225614271   1341.3813990929234 
  2363.0   894.3424312595182   1836.2027569594618   4.73070776568759   454.3192706750849   35.605957629085005   1341.5468210144702 
  2364.0   894.6741728829159   1836.435681369823   4.856118579684614   454.3076885287453   35.601978103234444   1341.669895699587 
  2365.0   894.6139936837099   1836.25955688694   4.706687324223718   454.12180576158437   35.61359247569278   1341.8174721840774 
  2366.0   894.550614370172   1835.496692172837   4.713562068119123   453.31006474379853   35.574518629568196   1341.8985471533322 
  2367.0   894.4685736190247   1835.08310055766   4.695909236195838   452.8515284613738   35.55195782782846   1341.9837058411063 
  2368.0   894.3572916041397   1834.632117992093   4.710788636647525   452.35768827627913   35.5192911994084   1342.0443499229548 
  2369.0   894.2595072913704   1834.0453854262234   4.699295821369949   451.75607128482403   35.49039903808608   1342.0996198455098 
  2370.0   893.5598981073693   1832.2718650946322   4.604101787863028   450.14903026413197   35.42281820511142   1342.0959160106213 
  2371.0   894.0719214866142   1832.558306780199   4.815764421513805   450.27360318055065   35.3858454628825   1342.083093484311 
  2372.0   894.659032156789   1833.854920805427   4.760475913279922   451.46534484830653   35.437697180451174   1342.1914022926214 
  2373.0   894.8667679991019   1833.0316061383755   4.707265241957955   450.66824520594326   35.4189564413867   1342.2371387868288 
  2374.0   895.3386938647062   1833.9134887446603   4.867523770429758   451.3343029707991   35.42395671962115   1342.2877048029636 
  2375.0   894.2869977142782   1835.2663928768586   4.785940169935621   452.55691046819305   35.48886993803887   1342.4346737305953 
  2376.0   893.5752162281262   1833.5152166689497   4.615469810717639   450.9953019316177   35.441978440382115   1342.462466511972 
  2377.0   893.1462789534746   1833.1391647572402   4.733395835159214   450.57523155061597   35.391698754109115   1342.4388395970798 
  2378.0   893.2113148626994   1834.2396099245605   4.783814489142688   451.55055140554236   35.41322418926903   1342.492018802412 
  2379.0   892.8610310445126   1833.9946015657513   4.6828223529212005   451.35712344648226   35.41596820876763   1342.5386884342965 
  2380.0   891.9391609373118   1832.751667820653   4.69579585722848   450.20608337775695   35.358371665708134   1342.4914192636304 
  2381.0   892.3003626292491   1832.551687889048   4.769796172862265   450.01027454397354   35.332944766172915   1342.4386734434586 
  2382.0   892.9428051558349   1833.2137155320538   4.762021182867058   450.62224898846307   35.364737773064306   1342.4647067851652 
  2383.0   891.5220819410305   1831.3944888619442   4.568990892642271   449.0809127564842   35.32546309834217   1342.4191216641834 
  2384.0   892.1145538422677   1829.6920605649796   4.729984387769279   447.52837351817624   35.218657684183746   1342.2150453345519 
