 year   CV   CS   DPM   RPM   BIO   HUM
  1851.0   589.9670615598761   1738.708413249486   4.989917560739639   404.5727311642147   33.49407447806537   1295.6516901101093 
  1852.0   590.1314834122751   1738.6629688141375   4.971225959294497   404.53670634800125   33.50170515207705   1295.6533315058873 
  1853.0   590.4970832568766   1738.027521534888   4.9016586885754405   404.0124611263485   33.486559959194835   1295.626841117184 
  1854.0   591.6720198073735   1738.076459649204   4.9917617175997915   404.032589719143   33.46839022391819   1295.5837193156106 
  1855.0   592.8389689395557   1739.5783284797203   5.0321061036325725   405.42137736602007   33.51077486196834   1295.6140696441782 
  1856.0   594.1737229714267   1741.1771707668092   5.018893349729424   406.88929221384535   33.574305712634924   1295.6946804197703 
  1857.0   595.0043031410586   1742.152350364881   5.0147314444386035   407.74653058609545   33.61690571418888   1295.7741835919962 
  1858.0   595.4960822330337   1741.6190811197282   4.863165924504705   407.30331889899844   33.6242569437719   1295.828340988896 
  1859.0   596.2888929295403   1741.036022314212   4.9785048222732184   406.6692338185345   33.58245682285385   1295.8058269552478 
  1860.0   598.0480446110075   1741.7450849979998   5.000793840027635   407.2742890329533   33.60915373255828   1295.8608489047099 
  1861.0   599.7281134745361   1742.438077954415   4.991667161195608   407.87776867356615   33.64092170606349   1295.9277200017361 
  1862.0   601.4401386375488   1743.0447552617436   5.000282133855931   408.3896488549266   33.662215072791454   1295.9926093323363 
  1863.0   602.8662194309546   1743.8798957172603   5.011582812722058   409.0836391556364   33.69703147873941   1296.0876430857318 
  1864.0   604.9484609072729   1744.7473452205506   5.0908437153440165   409.7376785915572   33.7298255132155   1296.1889987008003 
  1865.0   606.9227948129337   1746.688815322586   5.130515776159287   411.3882532973248   33.80871454814537   1296.361333493589 
  1866.0   608.389046309984   1747.1286651326343   4.973483604366754   411.78138725142065   33.85406338162792   1296.5197314317907 
  1867.0   609.3937981933398   1746.5477022783748   4.922449601931657   411.186168834487   33.83547847196964   1296.6036062174242 
  1868.0   610.5175983980974   1746.7561288202612   4.996841996316654   411.2557326024244   33.82196753339072   1296.681585375336 
  1869.0   612.1243597821359   1746.6947592591978   4.9809192584630715   411.13881551584404   33.81406535752561   1296.760959548029 
  1870.0   614.1110277942935   1747.677143220174   5.035178286110478   411.92680206597277   33.84086206559346   1296.874301880212 
  1871.0   615.7890423549536   1748.0601994959839   4.967319981932059   412.248819484702   33.85931423662068   1296.9847459594534 
  1872.0   617.4325981792426   1748.4227472023863   4.993307997785487   412.4943788641548   33.86081217821438   1297.074248385904 
  1873.0   619.4493410629137   1749.0171967020203   4.990919251872755   412.96009599484165   33.88053629921997   1297.1856452617703 
  1874.0   621.3627521030518   1749.5165816567956   5.031236947265013   413.31913215837056   33.886903420452654   1297.279308486512 
  1875.0   623.3571566689487   1750.6103372970092   5.016842291378469   414.2565613789542   33.92472236549174   1297.4122125821852 
  1876.0   625.579060349106   1751.623215073046   5.0024281839297755   415.0971636176593   33.96335057272766   1297.5602716985352 
  1877.0   627.4393487365517   1752.1594771161845   4.982371318841182   415.49502173442625   33.98400818448677   1297.698076347124 
  1878.0   629.2488894309059   1752.3427444667311   4.932861869174187   415.5838605381069   33.9963888423513   1297.8296329676432 
  1879.0   631.675787856148   1752.6345567148885   5.030098226992248   415.6627128931207   33.9978574995857   1297.943888563964 
  1880.0   633.9915106472815   1754.106552925794   5.096022533884198   416.8620356968879   34.041165044107906   1298.107330154408 
  1881.0   635.3859199949085   1755.5712635615384   5.057819304202178   418.11087785681895   34.10015275883253   1298.3024118802095 
  1882.0   636.9268563247742   1756.0676942280147   4.925917750704217   418.52045299247743   34.13562514504808   1298.4856964135222 
  1883.0   638.5518693157123   1756.7901122092521   5.038340517328771   418.9576489593969   34.14811178687923   1298.6460104967923 
  1884.0   640.2787407308367   1757.7093810392696   4.980055529526263   419.6864017865103   34.191192716148244   1298.8517311014798 
  1885.0   641.7901455629308   1757.9309161352246   4.987958637220863   419.71057626112975   34.2048796794561   1299.02750036544 
  1886.0   643.2808238125316   1758.2246457625515   5.010006664311316   419.8122073703657   34.212517659388354   1299.1899129628582 
  1887.0   645.0452257100509   1759.1244691675806   4.956989090145852   420.55371750257933   34.241147967507324   1299.3726142373127 
  1888.0   646.7408945227294   1760.4643453316812   4.977763940502961   421.6259441221502   34.280108307591526   1299.580529016602 
  1889.0   647.8493911921285   1760.7044162960094   4.898794188826879   421.73250096065885   34.2967030564356   1299.7764186088398 
  1890.0   649.3862694840359   1761.0777861370132   4.934493126348577   421.8904347279625   34.29895431016574   1299.9539032265732 
  1891.0   650.676414290061   1760.4939646382577   4.864958086877947   421.24308135316414   34.28043819455866   1300.1054877919114 
  1892.0   652.9088452906649   1760.421677084211   4.92574057657169   421.0062622059949   34.25701142855448   1300.2326636093314 
  1893.0   654.5943939368015   1760.6577194550082   4.9084437012901025   421.11548873004546   34.257679444457764   1300.376109209192 
  1894.0   656.9055000585523   1762.4095740194675   5.1521320623024   422.43157929891527   34.282712887540285   1300.5431495826194 
  1895.0   658.3383232308747   1763.9763232125954   5.0118429869857195   423.8170962780371   34.358531341291545   1300.7888518515745 
  1896.0   658.9878797432369   1763.998289290962   4.882375527465404   423.7808457941383   34.36826452093432   1300.9668022418539 
  1897.0   659.9279924814097   1763.7904763381073   4.89829494986905   423.4498713747827   34.345139819812545   1301.0971715560415 
  1898.0   662.1334160923666   1764.7333768473316   4.990174770755386   424.10325770270373   34.365575259147505   1301.2743692990114 
  1899.0   664.062131108344   1765.607330238162   4.945049905419635   424.7788821396087   34.40229333495061   1301.4811059160631 
  1900.0   666.5403414601752   1766.2937804002909   4.965136351453998   425.1972619404793   34.43327881395433   1301.698102182518 
  1901.0   668.8012895503543   1766.8314499805167   4.972258970625765   425.48091813246833   34.459803703290035   1301.9184700163612 
  1902.0   670.44518259794   1766.7550312338649   4.906117748614051   425.2732424301046   34.4637349101674   1302.1119372776882 
  1903.0   672.3039576447622   1766.684444914335   4.973311255069209   425.00391697353035   34.4437853528569   1302.2634331489878 
  1904.0   673.7235476396839   1767.5707304140296   4.941829334428338   425.69674027571784   34.47069685712804   1302.461462778356 
  1905.0   675.177925733163   1767.8226729701173   4.9350457607994205   425.7883190343395   34.468324748839485   1302.63098390364 
  1906.0   676.8390532492347   1768.8432294811491   4.993453816439874   426.53718394348107   34.4896242400136   1302.82296966157 
  1907.0   678.3832901036947   1769.5815681857948   4.943257056312083   427.0888161834678   34.51866365828056   1303.0308304871085 
  1908.0   679.7198695345085   1769.3719536852186   4.888560793602679   426.77371976755705   34.5115147327059   1303.1981577345646 
  1909.0   681.9297165855755   1769.0981551910495   4.915698028172801   426.36191440925904   34.487285326405946   1303.333255780713 
  1910.0   684.2562557080277   1770.4733539344288   5.032640977857605   427.4053851628135   34.51461032095055   1303.5207171109507 
  1911.0   685.7987713119018   1772.0531728636015   5.002318775615697   428.7212926943164   34.57210703651191   1303.757453682028 
  1912.0   687.125113996883   1772.8411463052744   4.979792523788139   429.27105179592604   34.60622084727081   1303.984081699813 
  1913.0   688.2245508764181   1772.511775507978   4.8784127814532905   428.84773082280486   34.60832136763608   1304.1773095890314 
  1914.0   690.0745422238106   1772.719766123988   4.927272009531635   428.84690770523724   34.60003047233656   1304.3455553847878 
  1915.0   692.3687606564202   1773.6291470017632   5.00179463599347   429.4785540332221   34.61662854290481   1304.5321687854741 
  1916.0   694.5122037965242   1775.3520529260677   5.054128977391177   430.8368456897347   34.67618119947078   1304.7848961255174 
  1917.0   695.6013221241309   1776.8897177849335   5.02651095300976   432.0758693354031   34.7355867414998   1305.051749949603 
  1918.0   696.3764605764674   1776.445529424007   4.869797494331204   431.58181898505853   34.73772225568883   1305.256188925574 
  1919.0   697.5867670452951   1777.2558907431128   5.000546214609647   432.0679623714424   34.74130085157746   1305.4460801511327 
  1920.0   698.6057491379817   1778.3753324094296   4.950975247947732   432.9510353040171   34.78331792870529   1305.690003706463 
  1921.0   699.8964009340096   1778.826608168871   4.916410945927559   433.17973223886656   34.8061187494871   1305.924345758098 
  1922.0   701.1623991792368   1779.4334232249819   4.910517713255219   433.52883534219586   34.82811772541957   1306.1659533019524 
  1923.0   702.6479374220739   1780.5653985878266   5.02074661154521   434.28014538682777   34.85332410830829   1306.4111831030693 
  1924.0   704.4933334579333   1781.1826542733418   4.93727762133096   434.6664569207887   34.8949210344601   1306.683998746651 
  1925.0   706.2347809680142   1781.4876466925405   4.957782741227358   434.7031883267885   34.90313716976916   1306.9235391430768 
  1926.0   708.2646779146681   1783.0374665245474   4.95644368147203   435.87066392485053   34.97047938251499   1307.2398797185808 
  1927.0   709.4628151279217   1783.4348616617117   4.967473754636351   435.98429941042974   34.98213535968085   1307.5009528302382 
  1928.0   710.8103737180105   1783.6827507371922   4.929569362120005   436.014682482368   34.9889471566569   1307.7495511946088 
  1929.0   711.9019225936472   1782.991787627839   4.830974943922886   435.23135746953153   34.96926912080753   1307.9601852124113 
  1930.0   713.6423760622043   1782.9295917204838   4.972861765605419   434.9120908522438   34.9278405200791   1308.116798640702 
  1931.0   715.5817290258371   1784.6646913232514   5.044444009118461   436.2884966694862   34.972583963039895   1308.3591666225318 
  1932.0   716.2946013488191   1785.1314504559268   4.905433887597198   436.63177322514593   34.998781167031744   1308.5954626236664 
  1933.0   718.4990593621901   1785.9788738648963   5.018836650214337   437.14819393246165   35.00619766182838   1308.8056445827253 
  1934.0   719.4757825437041   1786.6410802476219   4.891247071926872   437.6356363990828   35.04542616107003   1309.068770053437 
  1935.0   720.2943905962255   1787.0864637412892   4.961709951847518   437.7828992113376   35.0493615013711   1309.2924922847394 
  1936.0   721.6621024121671   1787.1962810454015   4.903768656415486   437.7128178744141   35.05933327531623   1309.5203602280965 
  1937.0   722.938175781536   1786.6873550603273   4.863781641411737   437.090467872855   35.03460369327179   1309.6985018057308 
  1938.0   724.5465881734763   1786.8168791198677   4.974847832508797   436.95309493532767   35.01850897892221   1309.8704267567812 
  1939.0   726.2786302250508   1788.2251673546027   4.967170152309744   438.07393585461057   35.06524777908746   1310.11881341942 
  1940.0   727.0263106861405   1788.8849053174476   4.878373771456502   438.54090489190395   35.09760136327889   1310.3680256086925 
  1941.0   727.9524962485608   1789.2115217885146   4.884774212547554   438.63522895621077   35.10232112722873   1310.589197124822 
  1942.0   729.1076839267946   1788.8647667605812   4.846974378953496   438.15176682206584   35.08339882520803   1310.7826272218608 
  1943.0   731.1598922277163   1790.1594962435854   4.979561637504367   439.0686509864911   35.10252255308011   1311.0087628270878 
  1944.0   732.8289946478089   1792.1508068625392   5.0176405815923095   440.65222864685074   35.170208127117   1311.3107289307043 
  1945.0   734.0153286417037   1791.9776791078114   4.840072286182934   440.3470177625176   35.19595232422372   1311.5946364915146 
  1946.0   735.4654914704332   1792.1734983331535   4.942987578961764   440.21394432648185   35.18683700141593   1311.829729109692 
  1947.0   736.7412516843135   1792.6188745637048   4.870268113621246   440.4602986393708   35.20157569841076   1312.0867320650693 
  1948.0   738.2117113513343   1792.3036573883692   4.798137053107302   440.00374242044967   35.19009038440327   1312.3116874719312 
  1949.0   740.1919916184206   1792.3892723380773   4.910706262001693   439.7832786016262   35.17175099926124   1312.523535303208 
  1950.0   741.826906606055   1793.1491927049892   4.914119809725773   440.267578403754   35.19016885677713   1312.7773258527075 
  1951.0   742.8361824010047   1793.1143830498993   4.814193265377271   440.109438445676   35.185616239118545   1313.005133843623 
  1952.0   743.970383464076   1792.9433876602284   4.888856926261402   439.71695431844023   35.152234138318704   1313.1853427315339 
  1953.0   745.442100864075   1793.8933125738004   4.909534411681671   440.4001911333948   35.169192740655525   1313.4143961101388 
  1954.0   747.1129305688734   1794.8370854118389   4.905257688832319   441.06607823817984   35.19993345018553   1313.665816227304 
  1955.0   748.814959835838   1795.31111936872   5.009522008114946   441.2051526434699   35.20479493169571   1313.891649735233 
  1956.0   750.6556086030367   1797.3383016547805   5.059294141560828   442.80619368649076   35.27173258666401   1314.2010814076975 
  1957.0   751.5044439528627   1796.9757693853585   4.832555315989267   442.38904341907227   35.29155334324765   1314.4626174335012 
  1958.0   752.6055829943866   1797.3521158989763   4.972918187450582   442.42798047886606   35.276889112434965   1314.6743281576112 
  1959.0   754.3241708096607   1799.00010842424   4.931646440530252   443.7615986037276   35.334449963937224   1314.972413967759 
  1960.0   755.9820696564641   1800.0854330340067   4.916588712715455   444.50756105318766   35.37992638895584   1315.2813569073821 
  1961.0   757.3380767969887   1800.4842168178639   4.916288920096247   444.5928514450711   35.398864105909645   1315.5762121120013 
  1962.0   757.9204928559749   1799.1969569087412   4.794122189334976   443.24877334066076   35.360531556344725   1315.7935288826013 
  1963.0   759.7546200572818   1799.3443629372098   4.98215700259807   443.0767980766862   35.31954217535177   1315.9658660765979 
  1964.0   761.5857841420085   1801.6972305438346   5.03841420219264   444.9967367245517   35.39236813945363   1316.2697110213644 
  1965.0   763.0372577888129   1803.15526328229   4.941421785061681   446.1467367356973   35.46179241996608   1316.6053107109306 
  1966.0   764.1608169346664   1803.1869147205564   4.902385578564754   445.94425985757096   35.46757182258808   1316.8726969749937 
  1967.0   765.0708477159002   1804.8159731285325   4.983874199167026   447.141712679185   35.50917410635088   1317.1812120450275 
  1968.0   766.0046204736628   1804.5961499766468   4.827451472537003   446.75591441411035   35.52601729967252   1317.4867664190763 
  1969.0   766.4308959695791   1803.868823165604   4.830770026801631   445.830452341985   35.49113942241169   1317.7164603686783 
  1970.0   767.0440213203816   1804.1903080925338   4.929025135794615   445.8403642221695   35.474637674862656   1317.946281721067 
  1971.0   768.2060174114199   1805.337934905124   4.954369016000207   446.66673880291773   35.498257024002925   1318.2185696171978 
  1972.0   769.41112226193   1804.7732064311824   4.802318085491001   446.00105162831136   35.497117921741065   1318.472717452486 
  1973.0   769.9993596499913   1803.8789030819455   4.843001714614077   444.9659583432751   35.441814709602234   1318.6281278133204 
  1974.0   771.6424498265644   1804.9436215039125   5.022751623463801   445.6758858410883   35.43640913418519   1318.8085748693334 
  1975.0   772.9365588407144   1806.063625659876   4.8975087589041415   446.5980229355735   35.49114245585692   1319.0769508966926 
  1976.0   774.1495848346161   1806.9204391876863   4.920159120387153   447.1405712007034   35.52035309729252   1319.3393557873667 
  1977.0   775.1658781763331   1807.2998892386236   4.860907508740123   447.2930818782119   35.54032441855422   1319.605575330343 
  1978.0   775.9371741548487   1808.2794750210967   4.925933650778336   447.9101720846479   35.56385532724617   1319.8795146072505 
  1979.0   776.662373609652   1808.6219120100038   4.885173196333057   448.00059159463694   35.57925103932468   1320.1568957615757 
  1980.0   777.5918071101632   1809.1452572556527   4.8665512347460895   448.23616864215796   35.59875781064684   1320.4437784430404 
  1981.0   778.5557019086519   1808.7638172789202   4.8031705844049615   447.68110850999904   35.5858002065817   1320.6937387041135 
  1982.0   779.8785653162809   1808.1335752351436   4.811383059145847   446.8706601861014   35.549887708411475   1320.901644986602 
  1983.0   781.2072280711316   1807.4548340986921   4.809898032178545   446.058888879382   35.50884221909189   1321.0772039498925 
  1984.0   782.2365705444577   1807.7916564995655   4.880954837634057   446.14539950357016   35.49549677204491   1321.269804307698 
  1985.0   782.9592896547992   1807.3232852614183   4.7997561330476985   445.5919561434431   35.478662948067424   1321.452910428279 
  1986.0   784.0796182607858   1808.0366152505228   4.979475157481913   445.99383319501766   35.45880305668274   1321.604504317746 
  1987.0   784.9958725860627   1809.945959544574   4.957750675584836   447.61353870412387   35.517901386038666   1321.8567683156314 
  1988.0   786.1881700427581   1811.6629304803012   4.960621978546862   448.98521163637736   35.57779699505063   1322.1392993826516 
  1989.0   786.712215892156   1812.3187140753114   4.834137906369088   449.4065039891839   35.626629777217346   1322.451440909283 
  1990.0   787.4823466426877   1812.4352902013477   4.891528292578484   449.19758384827594   35.627527283956645   1322.7186506318449 
  1991.0   788.7797582040722   1813.2946693443525   4.960595990847376   449.66665571160104   35.64828442986438   1323.0191328422165 
  1992.0   789.753319132679   1813.2652570750797   4.841732978301597   449.45297996706256   35.65849872041228   1323.312043980889 
  1993.0   791.3084837694724   1814.076075819678   4.937496139615202   449.8707132613749   35.667137572134244   1323.60072979946 
  1994.0   791.7740158396608   1812.5145786600858   4.721339884348789   448.3298535168697   35.63040646108684   1323.8329780314018 
  1995.0   792.9602398825851   1812.0034675338225   4.920626147062043   447.55719008921733   35.55519976675833   1323.9704518294745 
  1996.0   794.8231216964101   1813.5478724399957   4.934199181262433   448.7976656019479   35.59248012996414   1324.223527351917 
  1997.0   795.9830952342128   1814.3879511732364   4.859370071200841   449.40361322783633   35.63036468529932   1324.4946037600928 
  1998.0   796.8903853872947   1814.0703969863875   4.875638671090469   448.87120347310434   35.61483079912026   1324.7087233772584 
  1999.0   798.2547135739744   1815.950949096419   4.9880266806836   450.32316398074954   35.65823283654328   1324.9815258177402 
  2000.0   798.8177557603268   1817.3939439093872   4.900740693909969   451.46183386312043   35.72375433299246   1325.307615344595 
  2001.0   799.9141879305611   1818.3174214972448   4.9479348440846165   452.0072869032506   35.75306413020331   1325.6091342714203 
  2002.0   800.8652551854657   1818.9004470470725   4.873280937900001   452.30023112912477   35.78932505100227   1325.9376110181254 
  2003.0   801.2214959970086   1817.8891002481114   4.8247558906561325   451.1145659187519   35.7600879014832   1326.1896921221248 
  2004.0   802.6834255862874   1818.4121018876724   4.9679788335538255   451.2840371179249   35.74110333904994   1326.4189829729285 
  2005.0   804.2911786718936   1820.0331493429424   4.947472180282141   452.55938327648806   35.79486955023403   1326.7314255559882 
  2006.0   805.306234318763   1820.3266163558203   4.906323163050796   452.577169975616   35.8146031168381   1327.028521939852 
  2007.0   806.615915914485   1821.1170418516274   4.9292782557803925   453.0107838350428   35.83858713499869   1327.338392835646 
  2008.0   808.1580218000171   1822.5699999749015   4.9102716514306355   454.07548318865855   35.89145352698064   1327.69279126891 
  2009.0   808.5978347487829   1822.1368339935925   4.841720392677937   453.41957014910577   35.883731718219686   1327.9918116604624 
  2010.0   808.9573089982744   1822.6388730991832   4.897436772905578   453.56456319379186   35.88421187973645   1328.2926611103455 
  2011.0   809.126939448487   1822.3139436605452   4.768728758243448   453.08466418908085   35.87547247501353   1328.5850788380785 
  2012.0   809.8118924285972   1821.1111973535135   4.745095460612751   451.7398250929381   35.81663170971811   1328.8096441770235 
  2013.0   811.1805314409711   1820.9768064790983   4.860632401041325   451.32518474178335   35.771016557059475   1329.0199736994928 
  2014.0   812.8774209068068   1822.3060731092162   4.948561718450645   452.26563429085036   35.79313024847515   1329.2987479943583 
  2015.0   813.3786818515538   1823.178678592148   4.832380934120361   452.87161838192793   35.83998489664078   1329.6346949999645 
  2016.0   814.9346006156629   1823.478199031563   4.946975625496532   452.8216240785348   35.82482325754333   1329.8847771628111 
  2017.0   815.8969814218019   1823.357310833831   4.818196360740771   452.54987572700844   35.83086216970438   1330.1583776338462 
  2018.0   817.0141099159833   1823.3611423688396   4.905803522674559   452.26878956076916   35.804713797618604   1330.381835610432 
  2019.0   817.1252845212007   1823.799816375908   4.836091160382016   452.486209479595   35.82333056850998   1330.654183797887 
  2020.0   817.1046236681586   1821.935782478858   4.698058018574934   450.65531176477083   35.76104727580701   1330.8213646249105 
  2021.0   817.9568756689252   1821.040890159993   4.848323306107059   449.6125987390139   35.675350908535506   1330.9046176980353 
  2022.0   819.9586685944266   1821.98264216637   4.911031026582503   450.30188559981036   35.686122177590036   1331.0836041569266 
  2023.0   821.175461615618   1822.374044356022   4.82054197229552   450.5523459568028   35.70850168168955   1331.2926537628837 
  2024.0   822.0915768073368   1821.770999961111   4.82505650082421   449.84978132264155   35.6741888884266   1331.421974588932 
  2025.0   822.2120696362484   1820.4996968972514   4.796201227769985   448.60398390241585   35.6108895207132   1331.4886218468423 
  2026.0   822.9140368229428   1819.2077992555917   4.795368141009813   447.38950644471066   35.53630671952169   1331.4866174355038 
  2027.0   824.8989048201939   1820.4607571063289   4.921853374356576   448.45869580501846   35.5368676376833   1331.543341078818 
  2028.0   826.4460121171221   1822.2515541131609   4.908321663335241   450.03650272153055   35.60059078312729   1331.7061393560928 
  2029.0   827.8088381174193   1823.4732727373403   4.9361777628215755   450.995397050034   35.651379262906794   1331.8903188617905 
  2030.0   828.5624729621587   1824.17417100229   4.825334557654791   451.5312773037358   35.70694659904713   1332.1106121609657 
  2031.0   829.0226717694401   1822.8019435111871   4.795092827517277   450.147894590384   35.65795584643568   1332.2009997137034 
  2032.0   830.1283940318465   1822.4534002343003   4.811881275924607   449.74167162850273   35.624600821772056   1332.2752462059862 
  2033.0   831.6791526997845   1823.42040065718   4.921991901376845   450.4881607028364   35.62889165987337   1332.3813556537261 
  2034.0   832.9899506575648   1823.8324049218932   4.8316821923322575   450.8148099724675   35.6547529317922   1332.5311597613522 
  2035.0   833.9410952610858   1824.8208910448568   4.917542270663465   451.5392838533273   35.677759922918064   1332.6863044177142 
  2036.0   834.7620522424165   1826.0748224170802   4.866272613683534   452.57191295681145   35.73360735735108   1332.903030072996 
  2037.0   835.563734948433   1825.0709396406428   4.761276421591141   451.5498553245537   35.71357568246013   1333.046233170526 
  2038.0   836.7889833288422   1825.5967321265489   4.923309643321505   451.7757211485111   35.70823564678516   1333.1894649927165 
  2039.0   837.877521163198   1826.5902873155635   4.855851968750511   452.5753053923459   35.75159759667988   1333.4075317709894 
  2040.0   838.4417295827396   1827.0460184063343   4.811278825149338   452.85895274609544   35.77086973509681   1333.6049153808383 
  2041.0   838.9375453512381   1826.7715403569032   4.85864600892823   452.4145592166261   35.7477051301167   1333.750629739121 
  2042.0   840.317751541511   1828.0196500834834   4.9006608220629815   453.376095472057   35.782044056371056   1333.9608497372737 
  2043.0   841.2240716724777   1827.0753423721715   4.746768038021731   452.44748009459977   35.76734242633356   1334.113751036206 
  2044.0   842.6755113283039   1826.5389200836494   4.87714418685471   451.7615537476591   35.714879074458345   1334.1853428518357 
  2045.0   843.9007872840231   1827.1656940850446   4.856863704430444   452.265428494881   35.72474964689171   1334.3186541548546 
  2046.0   845.0981741203182   1827.3296785145901   4.839135224003232   452.32062522666564   35.727369146941236   1334.4425484606468 
  2047.0   846.7221951077353   1827.7307176983231   4.866132805175102   452.5757889420485   35.729808356256186   1334.5589888052639 
  2048.0   848.5014124993342   1827.7331054847436   4.789848602274073   452.524451985246   35.73569550284427   1334.6831093875162 
  2049.0   850.3788516797108   1828.4481186507521   4.8858427101166795   453.0107607317019   35.74361230679103   1334.8079033223014 
  2050.0   851.7867949690553   1830.47995571035   4.970362138431363   454.68474307544534   35.80501577181919   1335.0198355104667 
  2051.0   852.5541348710999   1832.0565709723182   4.895380505391597   455.9739190094919   35.88572678969513   1335.3015455373304 
  2052.0   853.4142933811574   1831.4581680861572   4.826458964340964   455.2471104589676   35.88486397443619   1335.4997347604235 
  2053.0   854.2919577041117   1831.5076971935848   4.854676100904209   455.09142187672177   35.879765529770104   1335.6818344177532 
  2054.0   855.1579603560277   1831.7077794405216   4.8758687215468   455.1180711646801   35.87078274117891   1335.843055176436 
  2055.0   856.3806163785891   1832.6180538630158   4.871744813031378   455.8051226412866   35.89313293326876   1336.0480534497801 
  2056.0   857.3593923324852   1832.981407435081   4.87360357049227   455.95142478472445   35.9052140562652   1336.2511641371711 
  2057.0   857.790909885295   1832.097377351892   4.768126583627949   455.0461045355701   35.883173075085296   1336.3999739621117 
  2058.0   859.3826329870154   1832.573080627906   4.952618985929841   455.2421030298466   35.86096599767277   1336.5173931736635 
  2059.0   859.9342201914119   1833.6820073819479   4.858186408805071   456.1807371710635   35.90962501279247   1336.7334581570403 
  2060.0   860.6295517952059   1833.884959042756   4.851947815686056   456.22797700870825   35.90873024512688   1336.8963038792333 
  2061.0   861.0115181251111   1834.1656319027952   4.838626614707847   456.35087010358495   35.914400480567586   1337.0617335011332 
  2062.0   862.4150812006943   1834.5974321649792   4.878267203564172   456.56722078510415   35.922393877073915   1337.2295499891754 
  2063.0   863.7955804932627   1834.579717856227   4.792057668959994   456.43939817784366   35.93625237232092   1337.4120110389015 
  2064.0   865.7214102409315   1835.1487100843933   4.904310197697601   456.73670077206316   35.93623217912534   1337.57146584632 
  2065.0   867.6572584491669   1837.0124230280085   4.937986339943592   458.226405823909   36.005448062060054   1337.8425820520242 
  2066.0   868.3238731216036   1836.6335763504787   4.7556060219807765   457.7677069948091   36.02523037544065   1338.0850326229272 
  2067.0   868.357173060311   1834.477214257329   4.68276626350337   455.6927576524481   35.93976922034504   1338.1619204112578 
  2068.0   868.5677756471406   1833.6884624710217   4.828365511862877   454.81867258473744   35.85805549498431   1338.1833690763215 
  2069.0   869.1965591948205   1834.6116520573569   4.843627343038271   455.5916062234678   35.86977865264699   1338.3066405308073 
  2070.0   869.5445220599056   1833.3817320912938   4.694086037321454   454.4563974093772   35.841414762294086   1338.3898334924295 
  2071.0   870.3102061827739   1833.355977640156   4.904323167705259   454.2535507828049   35.792521283616736   1338.4055812361598 
  2072.0   871.3549737408301   1834.8163811745303   4.871495453148253   455.54377953816316   35.847994056484275   1338.5531099796733 
  2073.0   871.6714380582201   1834.7370400260263   4.785327459747598   455.4032242768701   35.865565534299975   1338.682924339159 
  2074.0   871.8539262272785   1833.9137633452908   4.720554974477848   454.6160979371557   35.83300846544978   1338.744102152492 
  2075.0   872.2057756968597   1834.5423709896581   4.787592104570286   455.0717423197503   35.83786856199762   1338.8451687396473 
  2076.0   872.3511716295625   1833.625969591435   4.762948867453137   454.178327459786   35.7977500506994   1338.8869446463539 
  2077.0   872.734180628847   1832.7283359888308   4.739416246542244   453.35214324002914   35.750001407668435   1338.8867759976135 
  2078.0   874.362666314365   1833.6666166626435   4.898622509754845   454.0825565955794   35.75232708616445   1338.933110598191 
  2079.0   875.4504106846093   1835.6221030980096   4.870245493314112   455.83880440334724   35.82471211926678   1339.0883406918074 
  2080.0   875.845733450479   1836.1176698525544   4.778486483145253   456.24238632862466   35.86246658985925   1339.234329317852 
  2081.0   875.8845245510959   1835.0427417174471   4.665066818117389   455.2020391032212   35.84412583525418   1339.3315106988143 
  2082.0   875.1453506409295   1832.6643000586184   4.673979688143475   452.96364841180895   35.73873328269949   1339.2879402025815 
  2083.0   876.5143770068336   1834.0611184165107   4.904209430070314   454.0896281043782   35.73960960610799   1339.32767149304 
  2084.0   878.0462463385192   1835.3149449070177   4.798928399129264   455.244326954156   35.80538633156416   1339.4663034050016 
  2085.0   878.5420049537622   1834.6213258756163   4.71326620302629   454.58515577448856   35.79197065332168   1339.530932757004 
  2086.0   879.7469866084856   1834.2701232991842   4.8244988319090085   454.1385241120041   35.75694483558977   1339.5501560955506 
  2087.0   881.17237070465   1835.4728465737182   4.852759891641087   455.1684352341483   35.79258071893331   1339.659070603995 
  2088.0   881.0820407814575   1835.6617927986997   4.688367379646812   455.356889859966   35.8219627443351   1339.7945722073339 
  2089.0   881.1180471122944   1833.2234909319527   4.602479890210755   453.10865183345294   35.73620503858883   1339.7761544318762 
  2090.0   882.5972056185057   1833.2482038389946   4.812648900209552   452.9909293785174   35.68957147683454   1339.7550536745055 
  2091.0   883.4688262867915   1833.54198691874   4.720448354874928   453.29698156554656   35.70665769221604   1339.8178998745977 
  2092.0   883.177352459335   1831.6145645291588   4.684736759724499   451.5593772211199   35.62270446482633   1339.7477470879394 
  2093.0   884.5067179592834   1832.4650769742118   4.840501348685953   452.3062068912807   35.607950309263465   1339.7104179132361 
  2094.0   885.3730354922831   1832.1478292354236   4.663352916676467   452.16431837786917   35.618236283685114   1339.7019225035344 
  2095.0   887.0600645955352   1832.09040288728   4.833287970034163   452.05625524661866   35.58537931598497   1339.6154801878822 
  2096.0   888.174325467074   1833.0714830889335   4.803720719326955   453.0141172633724   35.62379350902273   1339.6298533325305 
  2097.0   889.4616869113522   1834.2030140786105   4.849664797434673   454.0073832287483   35.665659832467895   1339.6803068341014 
  2098.0   889.435374317106   1832.5566981373413   4.600295292883682   452.6597731157695   35.63725242669391   1339.6593779528928 
  2099.0   891.2876456255852   1833.0448338337212   4.899365578721503   452.9530385770964   35.603082215845056   1339.5893470805763 
  2100.0   892.3097903932708   1834.771720257782   4.833229813942112   454.5439108091753   35.688166119353184   1339.7064132374105 
  2101.0   893.4055354410225   1834.87972870312   4.759566906085188   454.6247865978408   35.71612759958786   1339.7792472448257 
  2102.0   894.1080925721106   1833.1150809912735   4.667138550633686   453.02417747077544   35.667136146016624   1339.7566304653346 
  2103.0   895.7117282867067   1833.6493937370508   4.86118792668082   453.4125469379328   35.645989146740334   1339.7296690911683 
  2104.0   896.6406825450935   1835.4798434072734   4.802223382826303   455.09397994749827   35.72301956043961   1339.8606206508998 
  2105.0   896.7545654949652   1834.0660045373465   4.654581117356717   453.82008535905794   35.69813524037569   1339.8932030008368 
  2106.0   898.1172606287698   1834.9354772969461   4.888682942034239   454.4594120919257   35.68513690144422   1339.9022456817268 
  2107.0   899.517743309886   1836.4064142342327   4.856026092379424   455.7834708454558   35.74417222760341   1340.022743700458 
  2108.0   900.5765017534884   1836.3086208612167   4.719147861410604   455.67582502618853   35.7730390543794   1340.1406095390737 
  2109.0   901.086680241005   1835.1396993800784   4.760045437198508   454.5240208224862   35.71877332475757   1340.1368596770444 
  2110.0   902.0352160595675   1835.446456258368   4.7633708035557785   454.8252855370453   35.70704006942831   1340.150759331686 
  2111.0   903.140035464748   1835.5907225921046   4.746471285410912   454.9809283980555   35.70117576172966   1340.1621474035658 
  2112.0   904.303214776433   1836.1700124898941   4.879395310972477   455.42033787187   35.69850350593017   1340.171776070701 
  2113.0   905.284841051079   1836.7846918700359   4.710715701908164   456.0731394278199   35.7473611100944   1340.253476517107 
  2114.0   905.6770989261962   1835.6929204126823   4.695718324864972   455.05730719195896   35.7038791603184   1340.2360161524248 
  2115.0   906.0656595205024   1834.9624318812137   4.688692843668952   454.3764999616927   35.67195385356971   1340.2252846794481 
  2116.0   906.1549901886376   1834.6713082718081   4.696979041956436   454.10029806190397   35.65198242681111   1340.2220481223455 
  2117.0   906.9438240959994   1834.4674666650328   4.727968111406962   453.91279175197457   35.62900359134773   1340.1977036351602 
  2118.0   907.024795783386   1833.572841034099   4.664834867291254   453.15849500004964   35.596851994706164   1340.1526592881225 
  2119.0   908.3232478470039   1833.5117239682156   4.728130633821966   453.0887889264555   35.57856666676026   1340.116237600225 
  2120.0   908.8622647878165   1831.058106804451   4.606837942254029   450.97494219557   35.496878452424376   1339.9794495028157 
  2121.0   910.826711682032   1831.4844440088236   4.8177676521885155   451.3521710656292   35.46699964090684   1339.8475046452304 
  2122.0   912.2958091973953   1832.8922026387283   4.79462922609245   452.72070356545163   35.52407283249387   1339.852795718244 
  2123.0   913.0407124223003   1832.7044889064382   4.653279257378379   452.6488448620469   35.54603401753086   1339.8563301608365 
  2124.0   913.4129976665979   1830.6914614653701   4.5925170520960465   450.90790631649713   35.47234366351182   1339.7186953882685 
  2125.0   914.7243009587961   1830.2350978936015   4.736131828481819   450.4824309814349   35.4306165825694   1339.5859178667677 
  2126.0   915.8734020618137   1830.640129142021   4.686941482320036   450.98501494661355   35.44736801571206   1339.5208042167935 
  2127.0   916.4716578039809   1828.0457121733539   4.554574373861943   448.8266084270298   35.3625737722623   1339.3019547531953 
  2128.0   918.3528110278571   1827.9826758494019   4.795577419701474   448.8516176683757   35.29854870724539   1339.0369316812314 
  2129.0   920.5230620115235   1830.8241269829255   4.827723215195999   451.58849710362887   35.399492128575474   1339.0084145885658 
  2130.0   921.058773401782   1830.3645404210654   4.604888362905669   451.3501739953661   35.433015358474314   1338.9764624846953 
  2131.0   921.6793501920966   1829.8429025776632   4.73024130487892   450.85296996934255   35.40132396876486   1338.8583676249434 
  2132.0   922.3549796425519   1829.4750551036523   4.674475046987316   450.64465776892024   35.39580407888144   1338.7601177014183 
  2133.0   923.2493680009378   1828.7277261563615   4.665894431018039   450.0830526008686   35.3604584721135   1338.618320964465 
  2134.0   924.4302746925819   1828.2841735600614   4.649931589845532   449.80765875471656   35.340125058982785   1338.486458135252 
  2135.0   925.5387014100746   1828.1769551338334   4.729686360612062   449.7722425130847   35.32412821827894   1338.35089960674 
  2136.0   926.4640672430495   1828.4241239889848   4.684033189279171   450.1565280986913   35.34001933667975   1338.2435440623135 
  2137.0   927.6291184200138   1828.2196401258989   4.7102250424914045   450.0816020414294   35.328928914437085   1338.0988837512011 
  2138.0   928.5427203654555   1828.9028083468274   4.742813407862324   450.79273047871095   35.350410458619955   1338.0168521851542 
  2139.0   929.0981944912852   1828.7185887212124   4.636097073359077   450.7829627897013   35.36180384977102   1337.9377255208447 
  2140.0   929.2668780098276   1827.0741980505654   4.597582863297304   449.4173231685496   35.30284262842145   1337.7564480788624 
  2141.0   930.0899849327894   1826.9584267196308   4.7166780854081365   449.3915738044407   35.26862120745168   1337.5815529017707 
  2142.0   930.6351026954678   1826.304268287902   4.515581610881534   449.0731051398066   35.270057013370206   1337.4455231394936 
  2143.0   931.5428303394755   1825.2514826321808   4.6793994985498255   448.19198161570864   35.19635126855662   1337.1837502984995 
  2144.0   934.1152991427479   1827.0571650590987   4.783145727055999   449.9318401133235   35.254132387054945   1337.0880461304682 
  2145.0   934.4423011175436   1826.9350170471794   4.602785489405091   450.03017102412025   35.285265361265246   1337.016796397986 
  2146.0   934.3016463057784   1825.1808602513406   4.5636741359621436   448.5880282013194   35.21748421841264   1336.8116724628437 
  2147.0   935.1465166819444   1824.1781447457186   4.628951012556952   447.8306751868692   35.153459547247465   1336.565060157626 
  2148.0   936.4842823776216   1825.3571547667095   4.697031240533497   449.0527110461728   35.18189014061469   1336.425521518798 
  2149.0   936.9566931975241   1823.6114629955948   4.486556069847316   447.7341051017509   35.15259785235832   1336.238203734581 
  2150.0   938.0665479068838   1823.3490424707456   4.646685444177993   447.61911242745043   35.101679459574164   1335.981564909527 
  2151.0   938.8014997700527   1822.8528353602583   4.580029119274585   447.3708944519544   35.09711305428223   1335.8047993390148 
  2152.0   939.6752338163618   1821.9913254495293   4.6340962211657155   446.7307279110713   35.05697002306411   1335.569532688994 
  2153.0   940.9559238668996   1822.3356259214715   4.657399541595614   447.2190023229867   35.0669090192567   1335.3923146678344 
  2154.0   942.1381747960937   1821.5239595227545   4.609544840809631   446.6840343740317   35.04889484821773   1335.1814864233975 
  2155.0   943.367549291854   1821.4421775219125   4.652226078078685   446.77971540796045   35.039432464255526   1334.970804657787 
  2156.0   944.7524896576036   1821.1199217280205   4.639343266201432   446.69476528489395   35.0327584141114   1334.753054611255 
  2157.0   945.8278408688224   1821.8027889406249   4.725295547741638   447.4526736367612   35.048380343920684   1334.5764389013684 
  2158.0   946.2626389412746   1822.5808741359392   4.636072074979027   448.35380494874306   35.10219665018573   1334.4887991557375 
  2159.0   946.2519299575118   1821.9489972280214   4.613467817799431   447.91263746828076   35.08925511657068   1334.3336374850908 
  2160.0   946.5469172984558   1821.0811465908935   4.6039790608976645   447.2950908116083   35.056799533885204   1334.1252769407083 
  2161.0   947.7975671340791   1821.4925084706158   4.6748725605116626   447.79640183444144   35.06403631850553   1333.9571975214192 
  2162.0   948.5692705784904   1820.938389381095   4.613871904898855   447.480136719252   35.055402687357734   1333.7889768466212 
  2163.0   949.7644051204816   1821.312615064008   4.693610004848753   447.9303746068862   35.056624835029076   1333.6320079088352 
  2164.0   950.6337049944825   1821.7307112319102   4.613722556112202   448.47624076496265   35.095545967728945   1333.5452029713585 
  2165.0   951.1546613537135   1820.8363163815031   4.6238733259530855   447.7729548443274   35.07165817407452   1333.3678290971518 
  2166.0   952.353299367657   1820.0858715205457   4.563550986673121   447.2943336670836   35.04928250669679   1333.1787042331998 
  2167.0   953.6202475223515   1819.1148352224552   4.582949084747912   446.6014910211435   34.99690152215572   1332.9334930630425 
  2168.0   954.3991920051747   1818.055104303626   4.550777999742437   445.8529373933461   34.956739646794496   1332.6946498617476 
  2169.0   955.5705948547331   1817.6464284745225   4.647420868318246   445.6388645771796   34.922425428875876   1332.4377182365706 
  2170.0   957.4398615946869   1819.3187134234915   4.768015410867618   447.29951601223115   34.96710586512968   1332.2840755744007 
  2171.0   958.7879011005886   1820.9509077177318   4.745050470693384   448.9591773790965   35.04491398895482   1332.2017654255528 
  2172.0   959.9132641191239   1821.8202051097567   4.619010589549963   449.930448634568   35.112563002204965   1332.1581825921085 
  2173.0   959.8344605149647   1821.3435751945287   4.588708674169347   449.59805520044154   35.106927178048956   1332.0498829577764 
  2174.0   959.7906993056909   1820.0092038716566   4.543982041034847   448.51723548344887   35.06806585832909   1331.8799192170268 
  2175.0   960.8192292623295   1819.4907260996113   4.607536157699681   448.1620197177144   35.03271656703843   1331.6884535568947 
  2176.0   962.4072320056317   1819.2982740030386   4.614803518265315   448.1332843861882   35.02572372569331   1331.5244622915816 
  2177.0   963.9776108437155   1819.6591313739905   4.653848134460887   448.5874803381406   35.033502609380626   1331.3843002009644 
  2178.0   964.7077060909895   1817.8108279157354   4.46317740312728   447.1441892858369   34.9992993892745   1331.204162888535 
  2179.0   966.156235036941   1816.877132406885   4.619743566170239   446.3881551007424   34.93402846682466   1330.935205171948 
  2180.0   967.3234208960738   1817.3839213681   4.585286573265   447.06326967510057   34.957244840986526   1330.7781189574816 
  2181.0   967.3739327019676   1815.1402256485408   4.506459469305757   445.27437857812095   34.87827203276615   1330.4811160495221 
  2182.0   968.5173031711497   1816.2390621005634   4.76791350463546   446.3720541266773   34.87074027599178   1330.228353852746 
  2183.0   969.3968923112369   1817.443371174351   4.5533461222950145   447.76126636806373   34.964597861170176   1330.1641623400617 
  2184.0   969.9724123341088   1814.6240071440056   4.486520427508997   445.38005734956795   34.878115961244575   1329.8793159423017 
  2185.0   970.594834976761   1814.6221035168621   4.62695399482472   445.55580990159035   34.84093024331473   1329.5984085606299 
  2186.0   971.6597847744379   1814.8256223990647   4.583023116668905   446.0070958378608   34.84935290557329   1329.3861515450892 
  2187.0   972.5335473010248   1813.4711967831593   4.542875619134324   445.03244253147926   34.814967749309986   1329.0809114931458 
  2188.0   973.5649398989073   1813.7237392166653   4.66811094704312   445.46038023693245   34.799110939720485   1328.796137144308 
  2189.0   975.1485769520496   1814.676415282247   4.586159418900996   446.6217688013212   34.85185376344951   1328.616632156038 
  2190.0   976.1171504293591   1814.1037162201294   4.582691059571712   446.305591577002   34.83907150385035   1328.3763616129008 
  2191.0   977.8739591968538   1815.0208006455093   4.639004855098615   447.27154555347505   34.880163219419536   1328.2300871982413 
  2192.0   978.7254059817727   1814.44005274924   4.532441841079   446.9197546299848   34.895369167193934   1328.0924880412208 
  2193.0   979.0441040539954   1813.9137705438804   4.544999476844574   446.5792192027271   34.87765296209586   1327.911900255409 
  2194.0   979.8517721980631   1812.8806760563218   4.577314120371795   445.8182163149116   34.826435173668074   1327.658710231711 
  2195.0   981.6006864328567   1813.180250495906   4.652171515473287   446.2601066404418   34.82649287927678   1327.441479584769 
  2196.0   981.9441456308039   1811.8586071010882   4.48594998842977   445.3675237717541   34.801400844070024   1327.2037313746955 
  2197.0   983.0626816011444   1811.823954865222   4.645816821085384   445.51229805157044   34.76643519266604   1326.8994046125038 
  2198.0   984.2212633609595   1812.4588440804255   4.577714850969571   446.3697334682946   34.808316315378136   1326.7030805075237 
