 year   CV   CS   DPM   RPM   BIO   HUM
  2050.0   850.5786014291066   1830.2672437367669   4.851844266077859   454.5620053497126   35.811024193646325   1335.0423711438802 
  2051.0   850.8073737772761   1830.7602872100376   4.835043673080429   454.826247817543   35.844278399481254   1335.2547170875785 
  2052.0   850.6291572230163   1830.7780011514367   4.859630126039497   454.64470750421776   35.84306282778788   1335.4306013846153 
  2053.0   850.7814378729292   1831.7548898141765   4.8571875941898215   455.37617195877976   35.872193980020654   1335.6493365033539 
  2054.0   850.751816997553   1830.3414135193007   4.704675326589405   453.9971634314522   35.83766379669884   1335.8019104962702 
  2055.0   851.9185979147733   1829.7049527966951   4.853521788172812   453.1667758018502   35.784433232072764   1335.900221181084 
  2056.0   852.8417075003138   1830.7986034489168   4.883127813600358   454.03961976989626   35.80640794866491   1336.0694486423638 
  2057.0   852.5530048288567   1829.402076321437   4.694927324241206   452.7757921320132   35.769784628688896   1336.1615723436773 
  2058.0   852.524949882093   1828.7329916893086   4.806720827522133   452.02772996325234   35.70980439345071   1336.1887373710717 
  2059.0   853.46126058756   1829.5115817891672   4.929299733249784   452.6183675469718   35.705606727344225   1336.2583076094838 
  2060.0   854.2639122221107   1830.7911626357122   4.845688735697711   453.7647285834706   35.76193877528533   1336.418807644615 
  2061.0   854.1786040257599   1829.9035741810192   4.727646166128649   452.9204743808875   35.75175121569744   1336.5037023210746 
  2062.0   854.2728962345094   1829.3159213042898   4.801907343656351   452.2834186880634   35.70776297003823   1336.5228324895122 
  2063.0   854.0928162440263   1830.002969418384   4.797919538585468   452.8610692285656   35.723499757455144   1336.6204796802867 
  2064.0   854.0898384097378   1829.4278365483167   4.75395807820107   452.29649568580476   35.701889107977756   1336.675492505641 
  2065.0   853.8716762609719   1828.7159688409574   4.745771878011059   451.6091907555961   35.66646685684885   1336.694540220525 
  2066.0   853.9243387528327   1828.1710921569954   4.751621980916614   451.1026322691553   35.63059964211233   1336.6862380021428 
  2067.0   854.4973988950316   1829.5940182805464   4.902718447541121   452.2966525272806   35.65070312556746   1336.743944596333 
  2068.0   855.0071180018529   1830.548794022767   4.861607713509135   453.1219650600388   35.701871993173455   1336.8633512612462 
  2069.0   855.0264429141255   1830.8228772861983   4.8013325526270965   453.3129693690565   35.728575795643856   1336.9799998394635 
  2070.0   854.9986313262777   1830.6726544731534   4.807996340756267   453.06878690216314   35.72578292842439   1337.070087266119 
  2071.0   855.1068540114043   1830.7697890103125   4.757530178330113   453.0985733966894   35.735740025398215   1337.1779460989812 
  2072.0   854.4758722743863   1827.6839967354383   4.5732235270172765   450.3116053844406   35.646593447397784   1337.1525738233813 
  2073.0   854.656638064995   1827.01947728852   4.8061056882049735   449.5927586563814   35.560073113584885   1337.060540370655 
  2074.0   855.5860945523613   1828.8628980467263   4.853034032310001   451.26245404572217   35.61080918808782   1337.1365993143838 
  2075.0   856.4523889114347   1830.1491897038366   4.865643787685333   452.3623896486724   35.66678884815029   1337.2543669132285 
  2076.0   855.7035382968803   1830.711490324052   4.753739103299944   452.84078407701185   35.714853725432434   1337.4021130989777 
  2077.0   855.5450746289372   1830.2063374367392   4.791236860976087   452.2500762470739   35.69336067559058   1337.4716633579783 
  2078.0   856.0482966060636   1830.7916978536334   4.860809898411065   452.63972463791623   35.70754750672052   1337.5836150114176 
  2079.0   855.3784405457708   1829.8941882375802   4.718797509400529   451.8203383775549   35.692287127194334   1337.6627652010422 
  2080.0   854.9577480531891   1829.7918178361551   4.870702650433487   451.5649095620494   35.658970252643   1337.6972354761133 
  2081.0   854.6352520285593   1830.4298061972752   4.8578474159328975   452.0869189850588   35.68183690819064   1337.8032033561715 
  2082.0   854.2311516769337   1829.89003746455   4.726938523773384   451.61069924960236   35.67645918628043   1337.8759427072707 
  2083.0   853.5878419422547   1827.6340817289442   4.705214329033673   449.56134481285494   35.57546239983505   1337.7920619330805 
  2084.0   854.1394878032478   1827.91374036337   4.857866024287358   449.7757963747341   35.540422890001075   1337.7396549285793 
  2085.0   855.063236042047   1828.9717121272024   4.877254587707658   450.7467924159202   35.57476247896892   1337.7729023607615 
  2086.0   855.3716059304174   1829.4371566355267   4.809044989566904   451.19818801456387   35.60491538473105   1337.8250084855795 
  2087.0   855.5847745252496   1830.554994484289   4.84692782985308   452.1496359766334   35.64423921156946   1337.9141918839575 
  2088.0   855.3274018120995   1830.277266994474   4.751517194207938   451.8836808293511   35.65504219343685   1337.9870268687669 
  2089.0   855.9146749570781   1829.934974341057   4.814055710439561   451.4907939343241   35.629805160954376   1338.0003181694622 
  2090.0   857.4407126725496   1831.056105018818   4.9005580851067645   452.42402704156336   35.65883031778679   1338.0726881121732 
  2091.0   858.5197421689601   1832.7306780175531   4.9095242613110734   453.83267280644213   35.73733184438679   1338.2511488909024 
  2092.0   858.4202571266455   1831.8193200645057   4.7623586353876926   452.95819159115166   35.737612327990654   1338.3611578905998 
  2093.0   858.8794704378058   1830.9882820446305   4.8205983573980395   452.09626539524055   35.69166653610725   1338.3797517504784 
  2094.0   859.4683518847131   1831.8442750193362   4.867681751920094   452.79238100833913   35.71371216462932   1338.4704994011327 
  2095.0   859.4295368637087   1830.5558525685835   4.717567397500676   451.67097652918306   35.67949731947655   1338.487811214787 
  2096.0   859.8020674009987   1829.8982771697463   4.822145623055208   451.0289631869436   35.619377991139   1338.427791982665 
  2097.0   860.5504008999144   1830.8607537859841   4.876877260658774   451.9027449499935   35.6356591514095   1338.4454722627154 
  2098.0   860.7194082868215   1832.2587592131326   4.8158465773763135   453.17272343682487   35.70342619012487   1338.5667631549388 
  2099.0   860.7535502175203   1832.6493793872496   4.777307970726389   453.46301756360526   35.73019380832445   1338.6788594896757 
  2100.0   860.4787073064418   1832.323570112752   4.7311787496209075   453.09641917906464   35.7269337366116   1338.76903827252 
  2101.0   859.5417326558623   1831.111920797818   4.708337632663125   451.9148579299273   35.6855427520262   1338.803181084562 
  2102.0   859.2058025410932   1829.8359354228962   4.798877712197499   450.67344157913936   35.61436986105588   1338.749247334938 
  2103.0   859.0665038880808   1829.5351970864622   4.729833088715808   450.46634721670085   35.59477376723999   1338.744242284281 
  2104.0   859.464723768289   1829.8783642780197   4.811599424099539   450.72407542800676   35.58877680504769   1338.7539109850409 
  2105.0   858.8873322793423   1829.4029460256882   4.783556628731657   450.33902603068617   35.560030063227316   1338.7203323858373 
  2106.0   858.4751282818094   1830.1284150406207   4.846352775179407   451.0121391120683   35.56449363692841   1338.705430435007 
  2107.0   858.3169729371405   1831.7259595033843   4.86510597097684   452.4555617275771   35.62542049380204   1338.7798707268082 
  2108.0   858.2177637765269   1831.4974581094605   4.741278458815443   452.27376774324273   35.64278619955626   1338.83962520604 
  2109.0   858.7342583685318   1831.4234224928548   4.840500331607647   452.0974502529934   35.63254422562385   1338.8529284040712 
  2110.0   858.4800329937061   1832.6168921444785   4.851195922869116   453.1453697053866   35.67753664287869   1338.9427901011259 
  2111.0   857.8548112694343   1831.9450566863695   4.718808279877902   452.53908035144633   35.678184867822935   1339.0089817230278 
  2112.0   858.0086896868164   1831.7610943124653   4.78664668517305   452.2852198645565   35.65550779033695   1339.0337207840855 
  2113.0   858.0871001917907   1831.6983250178173   4.747804669191372   452.20124428325335   35.65891892263285   1339.090357275399 
  2114.0   857.1764938010218   1829.6159999966926   4.640044798014045   450.33321756779634   35.591444865461476   1339.0512932620657 
  2115.0   856.9209115504007   1828.761726455345   4.792893589279088   449.5129389201177   35.51350739338124   1338.942385740121 
  2116.0   856.8549195153662   1829.082906154881   4.749353228611286   449.8953285374505   35.51872020045935   1338.9195048461677 
  2117.0   856.3555551230422   1828.0786581554114   4.700821623824752   449.04226836365535   35.48480932922308   1338.8507585062364 
  2118.0   856.6486722326488   1828.7445181891835   4.851629423982222   449.6066700517684   35.479053867612066   1338.8071660202957 
  2119.0   856.6047088855695   1829.8842414161827   4.767596614377461   450.7106231579523   35.537322086578115   1338.8686989329262 
  2120.0   855.7729506372054   1828.6807618646312   4.624402743370486   449.6632634281876   35.519463524362486   1338.8736323305886 
  2121.0   855.2358157811974   1827.6235892958778   4.786595368644177   448.62443479629974   35.445055333464715   1338.7675055000118 
  2122.0   855.4184822383844   1826.8382493709878   4.682221370159933   448.02857416377987   35.42221278406054   1338.7052410736042 
  2123.0   855.855228630922   1826.4768836409173   4.789737726956255   447.70966779254655   35.38081728246532   1338.5966592664295 
  2124.0   856.600778337497   1827.8203892089653   4.854042725810989   448.9464277415395   35.42234793349443   1338.5975719336832 
  2125.0   856.7389781641921   1827.0889081058508   4.699472365592931   448.3818729499129   35.4285780959505   1338.5789842293748 
  2126.0   856.9047109424702   1825.5552409872557   4.66794890083683   447.03622398543274   35.376239503815874   1338.4748279174996 
  2127.0   857.9506495304977   1825.9805208929515   4.858560221664556   447.39524902533003   35.354402938103625   1338.3723088064135 
  2128.0   858.5045967829504   1827.367643850662   4.869783256064567   448.7262104274481   35.40558591061533   1338.3660659591494 
  2129.0   858.3621778966926   1827.9142879470544   4.740918791229467   449.3320669895234   35.45013553979297   1338.3911672869988 
  2130.0   857.1515604957406   1826.6767339535975   4.632716041035415   448.2841806757202   35.41845193905065   1338.3413853997158 
  2131.0   856.7891486002146   1825.3967391191275   4.713618887796459   447.1114046860936   35.35148684217087   1338.2202291795604 
  2132.0   857.7421187959371   1826.5303317050502   4.890895340612464   448.1078725640081   35.36411454506162   1338.1674483230834 
  2133.0   857.8308662151221   1827.899218970164   4.848519947860324   449.4006807559352   35.430030488360124   1338.2199869861101 
  2134.0   857.7866979696765   1828.1086038439055   4.78077187387464   449.5977788767048   35.46048995514726   1338.2695639118645 
  2135.0   857.6251600981313   1827.314357815953   4.741063466724486   448.87272366691457   35.4422240583083   1338.258345417835 
  2136.0   857.7077022556595   1827.0627455356941   4.7713087119766255   448.60704941573124   35.43418832436264   1338.2501995911084 
  2137.0   858.5853421929016   1828.396776418897   4.907005125398365   449.718198535459   35.468368311475416   1338.3032039441653 
  2138.0   858.7441857062768   1830.011921969121   4.862629840983574   451.15767060342705   35.546520031268265   1338.445100575827 
  2139.0   859.5634327184471   1830.3045168014366   4.854129737427835   451.3347368545956   35.573034164919   1338.5426162642636 
  2140.0   859.0652380654008   1829.9594270006262   4.7585728161499246   451.00721971876135   35.57527195993292   1338.6183619384353 
  2141.0   858.8203594472493   1829.6561599874246   4.7647350589957975   450.6796306490771   35.55508414076723   1338.6567097818784 
  2142.0   858.5370995435829   1829.0507902066968   4.746627348149736   450.1020133165314   35.52937845810895   1338.6727718598318 
  2143.0   858.4427579900369   1827.3844618404235   4.672000551763925   448.63879534949274   35.46274484822105   1338.6109203259653 
  2144.0   858.7436482422729   1827.8791076320576   4.839962076749809   449.01655332204604   35.443440351594674   1338.579151963473 
  2145.0   859.0197722106616   1829.1751477514492   4.815750960208153   450.23684949244665   35.48828640517309   1338.6342618066403 
  2146.0   858.8769857040867   1830.1452214602969   4.814818354199722   451.0836057383496   35.531375755513764   1338.7154215516628 
  2147.0   858.0764208287113   1830.2650620755637   4.7540028219109205   451.1661606527784   35.5514284014787   1338.7934713713385 
  2148.0   856.7297422764598   1828.4096626909045   4.638521362210874   449.5011387462526   35.496629112811775   1338.7733732795787 
  2149.0   856.2325561806664   1828.4765497894275   4.892846694170808   449.42068064932675   35.44642781560119   1338.7165949937394 
  2150.0   856.3823813660273   1830.1278556546597   4.823695359722458   450.9568569695057   35.518421213282366   1338.8288828244479 
  2151.0   856.0796851421896   1828.4440845811885   4.6297320858171425   449.48087546587817   35.491078503606936   1338.8423971496975 
  2152.0   857.017941870679   1828.701766782773   4.916270472263032   449.518929959549   35.459102069474625   1338.8074640808777 
  2153.0   857.9867843005546   1830.0998596621619   4.8297348903378765   450.8181889858319   35.531865133103985   1338.9200700951947 
  2154.0   858.5408840519037   1829.9033496759141   4.796761959222427   450.5922007121253   35.53798974709079   1338.9763961580588 
  2155.0   858.3870915855323   1829.3556945297476   4.7387371813143435   450.0573111133251   35.53222446738665   1339.0274201534123 
  2156.0   858.6566720294586   1829.3734621286683   4.83941322387644   449.9636917537745   35.51614606161976   1339.0542105886373 
  2157.0   859.3892661346152   1831.5816695618407   4.932195300733646   451.8689026097184   35.58487037483873   1339.1957021460328 
  2158.0   859.1045535597774   1832.1485466873066   4.8258094054738025   452.3488524343908   35.631731803632654   1339.3421537659833 
  2159.0   858.4502871134871   1831.1961699816352   4.743178453298284   451.43768854007203   35.60990877358584   1339.405394285973 
  2160.0   858.894465859859   1830.552771199857   4.831301227650137   450.7534841883914   35.56609822978044   1339.4018880242568 
  2161.0   859.5537739794516   1831.1423036435517   4.80385560052389   451.2690158838581   35.58599832977325   1339.4834333814485 
  2162.0   859.3211864613432   1830.7105649555547   4.763655739824543   450.83697662599343   35.57532014554392   1339.5346121646435 
  2163.0   858.8566927765613   1830.23411173404   4.81619718486804   450.3338815667067   35.54147068753527   1339.5425616135512 
  2164.0   858.3624389994835   1830.7424376226656   4.7577313862662205   450.81181763088017   35.5573757943553   1339.615513565616 
  2165.0   857.9591043470688   1829.7997632499967   4.673592321019618   449.96699609263436   35.52586720804417   1339.6333061917342 
  2166.0   858.2394489612786   1830.2485693570204   4.874066619530784   450.2291491655657   35.50436727879563   1339.640985846933 
  2167.0   858.9153940823709   1832.5000578671295   4.942606155666612   452.1831501931455   35.58499806023403   1339.7893035626598 
  2168.0   859.1660058881355   1832.8228188535868   4.772136755039265   452.4679654917547   35.63543260348325   1339.9472832233891 
  2169.0   859.3872825516471   1831.4097516043614   4.710220465881604   451.1117001031838   35.593809207231544   1339.9940219058917 
  2170.0   859.3982056676631   1831.2145299291844   4.838541636140969   450.8071048271885   35.556630966594454   1340.0122530985277 
  2171.0   859.4414523593651   1832.3641883985317   4.862972375394951   451.8103593731088   35.58311067214118   1340.1077454105812 
  2172.0   859.0057244512958   1832.4814911045466   4.783985980616093   451.89517288043817   35.5982760123428   1340.2040553719357 
  2173.0   859.2203381597259   1833.7325305566762   4.920291077654782   452.8540038705431   35.631622890242994   1340.3266121302026 
  2174.0   859.2441183435095   1834.8181805456848   4.84898162025571   453.7746188873468   35.69065796430418   1340.5039223225558 
  2175.0   859.2247825799526   1834.204328781226   4.763563290145522   453.13989246693234   35.682704693875095   1340.6181666503821 
  2176.0   859.8359619902608   1834.496318039397   4.9199289442317395   453.2114101583302   35.66707043992025   1340.6979081829772 
  2177.0   859.6512011339347   1834.8360213016836   4.767984472302956   453.49598067502154   35.71003226771639   1340.8620244037675 
  2178.0   859.069883354402   1833.854961976705   4.7173008924484385   452.53927883420863   35.67343395610177   1340.9249486389608 
  2179.0   858.6480094431316   1832.5036952941423   4.669234094008912   451.28369423179913   35.614615760488086   1340.9361510074127 
  2180.0   859.028658055972   1832.3549337938211   4.76746691223838   451.0778024361288   35.57586951966188   1340.9337962212805 
  2181.0   858.5052337291669   1833.018838864296   4.799534907149584   451.64159355216395   35.585511088150646   1340.99219864676 
  2182.0   857.8761687222483   1833.1265408158033   4.761756591935381   451.70923010132196   35.59209095674842   1341.0634627515594 
  2183.0   857.6933783792571   1832.485339680498   4.765037691434372   451.0717068607591   35.56498403959486   1341.0836111262836 
  2184.0   857.5057202390096   1831.730162083982   4.7428064078757775   450.3657228245283   35.53506612545067   1341.0865679759381 
  2185.0   858.0550115360691   1832.9836703198114   4.91560948428528   451.38217387498895   35.552973721856716   1341.1329132763813 
  2186.0   858.9216270734108   1835.3349446758655   4.912127704999067   453.46218497587057   35.65082462692014   1341.3098073784286 
  2187.0   858.2917000658642   1833.9239574248413   4.665697221346409   452.1740857127062   35.65621838643355   1341.4279556168576 
  2188.0   859.1577956492829   1832.7881668402874   4.822085556212086   450.94135914807197   35.59312691625422   1341.4315952727645 
  2189.0   859.1008554701376   1832.4260672547546   4.757561024959939   450.6117814854124   35.579891153109266   1341.4768338633803 
  2190.0   859.0565201625278   1831.6962978360898   4.736878711737602   449.9385478783561   35.54420041809443   1341.4766687048382 
  2191.0   859.2589862799441   1831.145743498417   4.733108914182077   449.4439770340824   35.509077121514196   1341.4595808608453 
  2192.0   859.4898638794652   1830.4577833264914   4.754499730759921   448.8304127918995   35.46449158427746   1341.4083797912456 
  2193.0   859.734263843841   1831.120750585493   4.860850368320797   449.40321148762695   35.46346522052251   1341.3932236709484 
  2194.0   859.962799440536   1831.4154448218464   4.774575733852304   449.7541342871864   35.47779041507248   1341.4089443002595 
  2195.0   860.427472607239   1831.466053429444   4.7898944404339945   449.7846162123326   35.47971488947053   1341.4118285578643 
  2196.0   861.0587494482686   1832.6320299030644   4.848327340546442   450.7977973944448   35.51694763785237   1341.4689576150693 
  2197.0   860.8011042692706   1831.7158163728548   4.6669542314422205   450.0538290360545   35.506926164025614   1341.4881081306557 
  2198.0   860.2117868253636   1830.1830129810367   4.6965144463521415   448.6570884053038   35.43371893009371   1341.3956902608957 
  2199.0   860.7543656816622   1831.4791545715862   4.88754448367972   449.75059135432286   35.449674084583116   1341.3913456212488 
  2200.0   860.1609913522925   1831.9872195338544   4.699908637588598   450.2998334101134   35.50596678485563   1341.4815113369489 
  2201.0   859.3656383978959   1829.672685206426   4.626788815301282   448.1863861382503   35.43675789247933   1341.4227521083283 
  2202.0   859.908377758639   1829.6078182685844   4.841686593338602   448.0283317501526   35.39142115342808   1341.3463787997725 
  2203.0   859.9480304121076   1830.394076641077   4.80859499631923   448.79620713173256   35.4234900640223   1341.3657839638872 
  2204.0   860.7426301709983   1831.6075674513304   4.832919297320293   449.8719377179826   35.47286541492471   1341.4298460772989 
  2205.0   860.5546921398842   1832.2159493297074   4.770116389076683   450.408528151907   35.51479225318856   1341.522513117557 
  2206.0   860.1689112743585   1832.6146250816817   4.8008961893671795   450.6947530760408   35.52719599949322   1341.591779465386 
  2207.0   859.8527588642966   1832.9683092436153   4.768643043677722   450.9588076217061   35.55198076453167   1341.6888785011215 
  2208.0   858.8234724413218   1831.1452371868281   4.6545546800772195   449.3198964074273   35.494189272856225   1341.6765966910218 
  2209.0   858.615398773027   1830.512404883666   4.7712614952689485   448.6867966224857   35.43621069687847   1341.618136711935 
  2210.0   858.9895746000652   1830.5570632455301   4.767035018969557   448.74226527056294   35.4315318284281   1341.6162317653097 
  2211.0   859.0847820776077   1829.8054099319718   4.733975524065171   448.09251143227556   35.402091391024975   1341.5768307533995 
  2212.0   859.6985219616732   1830.314872056463   4.823377862991079   448.5180129128257   35.40456986758247   1341.5689113509493 
  2213.0   859.2066119759853   1830.0744427871402   4.721269010737112   448.3593279573023   35.4107873395207   1341.5830587673236 
  2214.0   859.3483297686554   1830.4337666203194   4.816144700303344   448.6446719227587   35.40362120754284   1341.569328807356 
  2215.0   859.7730351363501   1831.1514517067026   4.815600009479482   449.2967322551729   35.43209442708695   1341.60702381789 
  2216.0   859.6290248133713   1830.1212405970089   4.706676445824625   448.4328692795543   35.402247260412736   1341.57944965731 
  2217.0   859.6762527121055   1829.6643855511231   4.759264349162997   447.9962976818767   35.37241320889944   1341.5364103970803 
  2218.0   859.6484940773845   1829.8623192765435   4.790776198760292   448.1986551589534   35.36892078674597   1341.5039679307918 
  2219.0   860.5289595357525   1831.5901840011704   4.886036411837589   449.73467207222626   35.42070589395269   1341.5487696990374 
  2220.0   860.2841095579612   1831.4984675666328   4.7671450121576155   449.6774792000309   35.44844928426907   1341.6053935861594 
  2221.0   860.0971224953951   1831.579738495939   4.864614615808741   449.6811447238479   35.435815372730424   1341.598163440895 
  2222.0   860.2339665930716   1832.1913154238898   4.780158234122022   450.2739104101624   35.47587669692702   1341.6613714166217 
  2223.0   858.9993918680933   1831.0248035561788   4.667654211307495   449.25984500989966   35.445700711846634   1341.6516037024837 
  2224.0   859.0813448736513   1831.4461748743752   4.850924776272281   449.55351748462675   35.4241765105972   1341.617555220433 
  2225.0   858.0887037242386   1831.7186487378813   4.710130055715951   449.88660842475156   35.45514998788092   1341.6667591768437 
  2226.0   857.2188092393208   1830.5033854148496   4.670565356596632   448.7893467133396   35.415379361613866   1341.6280933948492 
  2227.0   858.9130564922398   1831.8632169865148   4.8980189864796095   449.9309696427107   35.42727305159471   1341.6069538133609 
  2228.0   859.5749910146515   1832.5931007519878   4.807769741896711   450.6281630528007   35.479422899623216   1341.6777451884998 
  2229.0   859.6869269051805   1832.369712859713   4.790458147395298   450.37256914485164   35.48709788489139   1341.7195884396683 
  2230.0   859.8287944985192   1833.1911241240784   4.86292341523602   451.0340813306275   35.512530187840625   1341.7815891556854 
  2231.0   860.4853314563891   1834.1703822380052   4.905222544651525   451.84737381027844   35.549416266136035   1341.868370662635 
  2232.0   860.2079101343695   1834.9685977804984   4.767309536811832   452.57025524934204   35.609900583376614   1342.0211325268083 
  2233.0   859.2297967171698   1834.246049780967   4.726914950190848   451.82536618263794   35.59480271186821   1342.0989650592717 
  2234.0   859.3487797694704   1834.2077152297304   4.777317351230421   451.66837080052454   35.58898114613097   1342.173044123477 
  2235.0   859.2714892538437   1833.5264526102171   4.793705411240131   450.96765516433857   35.558055668339655   1342.2070360904659 
  2236.0   859.6898597874538   1834.4102111780164   4.847350901802977   451.6835076566378   35.58178396054613   1342.297567548447 
  2237.0   859.7414812085908   1834.0221128466717   4.776029316339226   451.2844911769696   35.58581857061418   1342.3757735045717 
  2238.0   859.3761886317988   1834.009183138754   4.807818938110912   451.18517450202853   35.57894728186442   1342.4372432085872 
  2239.0   859.8363517190833   1835.3403481597609   4.9053482712841365   452.2761864704728   35.616147016674525   1342.5426665624373 
  2240.0   859.3424930578345   1835.421234493326   4.779910072117342   452.33610002152363   35.64148654954179   1342.663738663902 
  2242.0   858.5711458541148   1835.821906429237   4.927809790083803   452.4716047722417   35.62269509109632   1342.7997968061982 
  2243.0   858.5910189658432   1835.3555689412735   4.716189956402527   452.08484481895397   35.64144551180882   1342.9130899686684 
  2244.0   858.2908215236909   1835.6171440246312   4.870457673677107   452.18095780367895   35.61396931383114   1342.9517584886355 
  2245.0   857.1636867143898   1835.8410884350324   4.738569189472897   452.40517810176783   35.63613791206529   1343.0612035619838 
  2246.0   857.5929546510746   1836.143647037633   4.83897247115802   452.5480996347072   35.62953284776894   1343.1270429285705 
  2247.0   857.3370102993135   1835.9921330510458   4.746955457166702   452.37645700269314   35.63997662193883   1343.2287443399314 
  2248.0   857.2647665594176   1835.7437915439325   4.760399395244143   452.0524159297582   35.62841374346658   1343.3025620860835 
  2249.0   857.4509165179428   1836.4802166284169   4.814532101073919   452.61611170649604   35.64388480535999   1343.405687027069 
  2250.0   857.9612799677892   1836.1916225344023   4.7555407339224764   452.2976392566699   35.64133265018371   1343.4971104069634 
  2251.0   858.8026856172429   1837.61984055081   4.922717438704296   453.4065949581328   35.67005009945253   1343.62047759866 
  2252.0   858.4420907801469   1838.071346706487   4.751639247937538   453.79730210762295   35.71932127889681   1343.8030850591513 
  2253.0   857.4597727061595   1838.0319369717447   4.880804403333252   453.5636173109691   35.694614379986426   1343.8929004797083 
  2254.0   857.5236861983278   1839.4035488556003   4.9463172613201545   454.6561853991764   35.739715435710394   1344.0613304241988 
  2255.0   858.0289446380211   1840.528206969508   4.89014586282095   455.55359065993866   35.80225377043261   1344.282215752075 
  2256.0   857.518795842247   1838.7858209538197   4.654839199200371   453.92894480160425   35.78070062790358   1344.4213374425194 
  2257.0   857.6698868053826   1837.2560247671997   4.782214012004581   452.3560838196633   35.69161033139804   1344.4261187073334 
  2258.0   858.970441647405   1837.443304524329   4.881181975961935   452.39774093327037   35.67362180566304   1344.4907609797244 
  2259.0   860.2408825330556   1838.9912644362437   4.898496090115594   453.7068633626051   35.73002245013252   1344.6558816308889 
  2260.0   860.8518236158451   1839.6279664425615   4.794670458463491   454.20117628747244   35.77840929781766   1344.8537112810811 
  2261.0   860.9592168478454   1839.2345122225595   4.857696804922122   453.6428705462825   35.75948067538358   1344.9744647684154 
  2262.0   860.7245331208559   1839.549109686446   4.817570660324487   453.82869516060293   35.772411691930856   1345.1304295046364 
  2263.0   860.1876189514098   1838.8056878160546   4.760050482102806   453.0769528103984   35.74147589170661   1345.227208617174 
  2264.0   860.2945566451169   1838.6876228478307   4.8340483413696145   452.8264582971095   35.716838852663976   1345.3102776157903 
  2265.0   860.1551781096625   1837.8645157622907   4.72091401493249   452.0619510850329   35.69476893486736   1345.38688131766 
  2266.0   860.714382282184   1838.3976555239612   4.938560874687496   452.3557837556125   35.67214851848306   1345.4311628407781 
  2267.0   860.2552071208356   1838.6039596476205   4.769650646157727   452.5824110837094   35.69796177696205   1345.5539373007614 
  2268.0   860.1523792583189   1838.0649535085504   4.729492412715379   452.0388009203441   35.67788979052043   1345.618770112717 
  2269.0   860.5652922748122   1837.1740288377584   4.762974257284527   451.12567640483485   35.6375442466736   1345.647834990687 
  2270.0   861.0174653774924   1837.3181811534498   4.892341301481952   451.14349358533826   35.61244708657508   1345.6699009300376 
  2271.0   861.5360196439549   1837.7827694233679   4.824692483737231   451.55859043785887   35.638037719990756   1345.7614482279132 
  2272.0   861.1406001897002   1837.1980745628991   4.77068989961594   451.00149708445565   35.621377706477844   1345.8045105129445 
  2273.0   861.0484941358294   1836.046476647887   4.791460022877962   449.9215640862551   35.56037341496487   1345.773079494267 
  2274.0   861.8942000481596   1837.2251848546791   4.872046182144292   450.9613618263576   35.579222297275216   1345.8125545959888 
  2275.0   861.5684380654593   1837.2652902339994   4.749872134795441   451.0633146994319   35.591918265564324   1345.8601850397085 
  2276.0   861.4064367846572   1836.639020659682   4.7627260233612825   450.4710814688582   35.559968950090905   1345.8452442310393 
  2277.0   862.2039045476762   1837.5211235665847   4.864173470364298   451.1940835980049   35.57714144666062   1345.8857245906022 
  2278.0   862.6239040192397   1838.2771551740739   4.8374188694570694   451.83770797159366   35.61893890211597   1345.983087962614 
  2279.0   861.7511809771157   1837.3400561596955   4.726782571869267   450.9731883517182   35.60496138682693   1346.0351244470714 
  2281.0   861.085051845252   1836.1530281070127   4.801694293821946   449.8097627905791   35.52674465768355   1346.014824960006 
  2282.0   862.0596787937486   1837.061728917199   4.932380660050698   450.556176409861   35.53823753837424   1346.0349328810864 
  2283.0   862.6908013170105   1838.3861905940255   4.866006450145568   451.7765604369406   35.602394676672596   1346.1412294876156 
  2284.0   863.22083848852   1839.9239350167752   4.939219638370381   453.05989603068446   35.65821487129876   1346.2666052903141 
  2285.0   863.1031454333234   1839.811244288276   4.826686152997298   452.91145868653877   35.68641425297975   1346.3866854954867 
  2286.0   862.7605430775573   1839.6158315548487   4.843617655657145   452.654348195252   35.67444527067683   1346.443421718772 
  2287.0   862.1050320731982   1840.4832441334315   4.883939826570052   453.3814217564244   35.69141145260215   1346.5264720649682 
  2288.0   861.3311100469534   1839.8223515556379   4.7083986869395416   452.7984346273355   35.69545396065491   1346.6200644240153 
  2289.0   861.8626124039276   1838.6511308351132   4.838373945012704   451.5923618758265   35.624866193384165   1346.5955297556102 
  2290.0   862.2032264743368   1840.1706688118525   4.913104844084615   452.88622832532207   35.669065491525686   1346.7022700883049 
  2291.0   861.1258939687178   1839.420354655154   4.694017610924205   452.2645431576889   35.672275496442694   1346.7895192756473 
  2292.0   860.7851166579625   1838.483024949435   4.734833877778418   451.3654267709107   35.613700898532564   1346.7690652019214 
  2293.0   861.0536792811051   1839.4315832932912   4.859895761389059   452.14427870955893   35.61709492047296   1346.8103140590906 
  2294.0   861.0071517741935   1840.6728525043889   4.85282146515385   453.21779004386576   35.66661076061531   1346.9356318009318 
  2295.0   860.708372937114   1839.9279847261878   4.7051950294691185   452.5239005417293   35.668396450441136   1347.0304928658156 
  2296.0   860.8597069987061   1839.4044377165005   4.870334554115826   451.86475636019355   35.62387581042882   1347.0454716481902 
  2297.0   860.8768958071379   1840.9982818923668   4.870877503996905   453.25219084008415   35.68443291641727   1347.1907805169362 
  2298.0   860.9335031449815   1841.496639532031   4.8041081046353185   453.63261995719506   35.718552513017734   1347.3413582461742 
  2300.0   858.873069319252   1839.4696110758466   4.80773691961278   451.6017348061117   35.62856854930113   1347.431570718916 
  2301.0   858.9341059109976   1839.7762720405535   4.82947464054882   451.82719066468843   35.62754397843371   1347.492062735101 
  2302.0   858.8659975661675   1839.1728488277467   4.791398662935344   451.26197553844264   35.604632244458045   1347.514842688059 
  2303.0   859.3086355147185   1837.545232902354   4.696854200292989   449.8200481721695   35.550487461037115   1347.4778417666487 
  2304.0   860.0596969240058   1837.3504626662545   4.889428617921271   449.54819247633566   35.502193043977464   1347.4106482466996 
  2305.0   860.2848143060853   1839.2840093767732   4.843413985320719   451.3625044345045   35.57094487602155   1347.5071463782513 
  2306.0   859.8047277630814   1839.4000350855083   4.779829423415708   451.44624214014584   35.59185104046139   1347.5821111434211 
  2307.0   859.3562276972305   1839.9689495038886   4.892325601183892   451.83036810513835   35.603486439033595   1347.6427705027513 
  2308.0   858.6342559020464   1839.5978905628365   4.753394383172373   451.52092152493105   35.61047458917571   1347.713100560821 
  2309.0   857.2087725151634   1837.8974469899483   4.665982697842984   450.0040784615397   35.546493376974226   1347.680892793929 
  2310.0   856.9660765431717   1838.3408004354465   4.9037961497705265   450.27590739239554   35.51490789157958   1347.6461897215709 
  2311.0   856.6700060684665   1839.46941243425   4.825666062099446   451.35454965682896   35.56841625451516   1347.7207812469458 
  2312.0   856.3538617431702   1838.231525707723   4.68897706377919   450.2721897611585   35.547475957285   1347.7228832344883 
  2313.0   856.3155080332191   1837.4445060841838   4.781118237331106   449.4988060128254   35.499944576947634   1347.6646376337885 
  2314.0   856.6273951516533   1837.7312114971041   4.826619275108475   449.7357504874794   35.50470904333183   1347.6641311946355 
  2315.0   856.1038328506996   1836.6739740479682   4.733464590388996   448.85730914952774   35.47163634991265   1347.6115639090935 
  2316.0   856.1814903563163   1836.595758546217   4.852780019338777   448.784124898642   35.437764031170936   1347.5210883315854 
  2317.0   855.9445908463944   1837.4025194452047   4.8502040663037445   449.57272446888675   35.46531865063673   1347.5142729049142 
  2318.0   856.4667834573092   1838.7363305490442   4.900885941328562   450.762835760797   35.51754236552783   1347.5550672595418 
  2320.0   856.431779612419   1839.3081656665045   4.738753300621338   451.24420719481276   35.595392470839364   1347.7298132263852 
  2321.0   856.0619098526715   1837.660801178788   4.69952521309186   449.7242161504966   35.53792862655967   1347.6991300656728 
  2322.0   856.0338176251128   1836.8104687349953   4.7517538478629024   448.9338170334905   35.48446321839904   1347.6404336041467 
  2323.0   856.8636647112912   1836.5478571029869   4.814263745777997   448.692362565882   35.455475268815036   1347.5857555724597 
  2324.0   857.3673893488875   1837.8504518505504   4.918380000756777   449.847071396926   35.484302349371966   1347.6006983494237 
  2325.0   856.6976366990971   1838.0425510897505   4.782891663347291   450.10586632607834   35.512003249371375   1347.6417891194333 
  2326.0   856.5317556926886   1839.28179798777   4.899458066975013   451.12398002405405   35.547441271263295   1347.7109187019869 
  2327.0   856.4877788421003   1840.225400948731   4.839449272920735   451.9502795086078   35.6015037996373   1347.834167991884 
  2328.0   856.0185416040853   1840.4061371392495   4.838691060847313   452.0371623337694   35.61205941429408   1347.9182235639098 
  2329.0   855.1389870684197   1839.4922940343642   4.723966366410596   451.2051215076678   35.594207003103705   1347.9689992221456 
  2330.0   855.4748496943748   1839.0809332770323   4.803189460463673   450.7304352350208   35.56420611105492   1347.9831009795062 
  2331.0   855.5688700565887   1839.6663378508424   4.766268145341384   451.23567053218306   35.59147116815421   1348.0729276223055 
  2332.0   854.9831400668614   1839.173892590737   4.792452328975633   450.7248540210459   35.564835104862006   1348.091750649536 
  2333.0   855.2527045864438   1839.877031945522   4.885131985476117   451.2776965046755   35.572435632260834   1348.1417686715076 
  2334.0   855.4076055662933   1840.8299478613194   4.849161566385009   452.0909529445242   35.62537788080724   1348.2644548174487 
  2335.0   855.3224058457548   1839.98482984601   4.754722431467652   451.2927155533411   35.61425226294179   1348.3231420503848 
  2336.0   856.1533717281123   1839.8873843221127   4.866946697633914   451.06790518159556   35.59769455538394   1348.3548384496332 
  2337.0   856.2197062682886   1839.7453075801325   4.806725426469149   450.92715315556023   35.600993633197334   1348.410436344182 
  2338.0   855.354279807145   1837.889520913907   4.6489175806705605   449.29837151323574   35.54944290149761   1348.3927890229343 
  2339.0   855.8988063634708   1837.2562252212826   4.888075409488633   448.5953680649753   35.477557988344195   1348.2952247280507 
  2340.0   856.1359815526988   1839.2426231155357   4.91526041427627   450.40666868364985   35.54518124179611   1348.375513093743 
  2341.0   855.613863904664   1839.5419695977876   4.762881120871613   450.7464234004708   35.57832814507637   1348.4543383643725 
  2342.0   855.5921096834754   1839.3793219459715   4.849037346525106   450.47801376020016   35.56762537403494   1348.4846447867935 
  2343.0   855.7998276234468   1839.940311448272   4.880884944924335   450.93522312110713   35.58367717996678   1348.5405250986905 
  2344.0   855.6171800126453   1841.0293142047085   4.871280471695375   451.8777519268427   35.629188304948656   1348.651092479007 
  2346.0   854.4796032733904   1840.8008512269155   4.824039857912132   451.55566277372054   35.62605018833747   1348.7950985590512 
  2347.0   853.9115842258113   1839.1833951700241   4.689488735817421   450.1111518006047   35.57822141165556   1348.8045326454069 
  2348.0   853.507123267764   1838.1020451890536   4.778538430668059   449.0790261364858   35.50465273370596   1348.739828000861 
  2349.0   853.7128443347688   1837.2872948794015   4.757258540189811   448.40480966893284   35.45609490122763   1348.669131008191 
