 year   CV   CS   DPM   RPM   BIO   HUM
  1923.0   701.6625804495895   1780.6277333657174   4.998233672431899   434.33781434779814   34.85402043558175   1306.437664957982 
  1924.0   702.4695038583944   1781.8308267258851   4.939770288276748   435.25146209081   34.90857091875108   1306.73102266156 
  1925.0   702.8133724892896   1781.6671756368323   4.858019521272154   434.9194424223484   34.91373101368211   1306.9759824026169 
  1926.0   703.4564285046276   1779.7275058199532   4.777561075252902   432.9546664087606   34.85798664311006   1307.137291031255 
  1927.0   704.3432708004008   1778.7725106219348   4.937818667276768   431.81934595821104   34.78587643027208   1307.229469242755 
  1928.0   705.3778400941387   1779.6250564613529   4.939005676879327   432.4839104491784   34.799373730362824   1307.4027659501876 
  1929.0   706.8014075283346   1781.0958378134267   5.000569382541065   433.64071385159735   34.84114733549262   1307.6134076680023 
  1930.0   707.6862040278812   1781.3106219373615   4.881212779449203   433.745796193378   34.865051842318486   1307.8185609409452 
  1931.0   708.2764857630032   1780.8997996873059   4.846542429525139   433.2265080754245   34.84953608531474   1307.9772119608372 
  1932.0   708.8329360068103   1781.0643724821525   4.930358755230899   433.16314775709674   34.83795567861376   1308.13291112698 
  1933.0   708.7449385198368   1781.7219945187742   4.916502103950405   433.63387324592856   34.85620659823669   1308.3154133411392 
  1934.0   709.2267662863173   1781.4542259754055   4.867386138393939   433.2752591078216   34.8461332771485   1308.4654479285464 
  1935.0   710.2039578241483   1781.6296730957538   4.917846022524604   433.2502087890408   34.844197231700065   1308.6174204143276 
  1936.0   710.7068396075898   1782.4415895435807   4.972372669984834   433.8181027933408   34.86147095547728   1308.7896427904886 
  1937.0   711.2815910500577   1782.2951430300504   4.8444429599774015   433.6137061813958   34.872339276493165   1308.9646551517833 
  1938.0   712.2636382213338   1782.122183803306   4.880779914577467   433.26721664042617   34.86072527242262   1309.1134632154865 
  1939.0   713.1918286228803   1782.132814970997   4.9549742016874685   433.09619274533856   34.84413870933495   1309.2375097577183 
  1940.0   713.5173599534975   1783.4332971644312   4.9683629928512385   434.15176493674403   34.88566841991262   1309.4274998856895 
  1941.0   713.1073673360286   1782.3286064194276   4.768375862206926   433.1375483920071   34.867109905887254   1309.5555716395907 
  1942.0   713.5828476378542   1782.5660128495222   4.960817543391315   433.1127644539883   34.84072354657074   1309.651706905546 
  1943.0   713.4488828427486   1783.7098848325904   4.943348606796135   434.066120482594   34.87526637092381   1309.8251491004212 
  1944.0   713.7130350353963   1784.5481757461152   4.9437481588208065   434.70602108377585   34.90103852940317   1309.997365760449 
  1945.0   714.2992177007953   1785.4041962005113   4.911259552253152   435.3474282958266   34.94131773371835   1310.204189090987 
  1946.0   713.7639371777727   1784.9620379143314   4.802504555622457   434.84681798000145   34.94015899454766   1310.3725565010727 
  1947.0   713.0986702348723   1782.8532099867232   4.774778861395487   432.78900853604034   34.858205030852915   1310.4312155876862 
  1948.0   713.339841807514   1782.7216998887386   4.92607899881927   432.4823729252657   34.81649445208658   1310.4967530297367 
  1949.0   713.6219375315264   1783.274061984506   4.899622779896234   432.91432641763726   34.83309175358395   1310.6270208331762 
  1950.0   713.7242675307515   1783.308748015751   4.878485402105392   432.86334509431873   34.83113197060093   1310.7357849062785 
  1951.0   714.1554476455067   1782.9577363716846   4.824399579116109   432.4928240727011   34.815613715916555   1310.8248990144161 
  1952.0   714.5660581389019   1783.9581428718527   4.94153244316354   433.2450626704149   34.82667119631399   1310.9448768705163 
  1953.0   714.506987313926   1785.054436928577   4.920080538889362   434.1390313656497   34.87350058399011   1311.1218245010427 
  1954.0   713.7524597759683   1785.4321369909192   4.86991034684527   434.37345958736336   34.89749436795899   1311.2912728712745 
  1955.0   713.1072438313134   1784.7076809905154   4.8001205585854825   433.62218048124305   34.87753006994469   1311.4078496932432 
  1956.0   712.6536721979597   1783.2008681161042   4.720992352215689   432.1950501386575   34.818067851917405   1311.4667579836523 
  1957.0   712.8915771944583   1782.4784420674405   4.86341130102648   431.35698779385   34.75943593109645   1311.4986066499634 
  1958.0   713.0779000908282   1783.245053128394   4.909631830149152   431.9794543791572   34.7675165213178   1311.5884512307591 
  1959.0   713.1836184695854   1784.1286788862587   4.946428855865397   432.6767724344796   34.79536673640989   1311.710112023879 
  1960.0   712.7639512078404   1784.2781615328995   4.9368824025112135   432.72296567229034   34.80385954873754   1311.8144538952604 
  1961.0   712.5672714491749   1784.9967110433302   4.967098395176057   433.26930691139756   34.82592744353482   1311.9343803591983 
  1962.0   712.3541184094579   1785.4148942902711   4.89899706927855   433.59778099587055   34.84998610594408   1312.0681317383942 
  1963.0   712.0561032602102   1785.1281426838198   4.822809172236913   433.2750570103352   34.85082866077956   1312.1794464302845 
  1964.0   712.1941185429857   1784.965151948588   4.8824558160183384   432.9993100219734   34.830895238279794   1312.2524921923489 
  1965.0   711.808159652383   1785.2586848063763   4.856674712777807   433.19104574585504   34.84299481900735   1312.3679711898922 
  1966.0   711.4387035567194   1785.0663108347   4.9005007564107075   432.900079761091   34.825302625878834   1312.44042825724 
  1967.0   710.8850906415823   1785.0626316098158   4.804699685284035   432.87593380736405   34.83584658755582   1312.5461519697744 
  1968.0   710.9068510862014   1784.8082054252327   4.869241137241419   432.52195522464166   34.811383134346094   1312.6056256204351 
  1969.0   710.8582407245033   1785.6681765600902   4.93247642949859   433.18132007844906   34.832175654448534   1312.7222035879888 
  1970.0   710.7989583342795   1785.395937839451   4.855242546840061   432.86943997657204   34.83863660698615   1312.832618083318 
  1971.0   710.8441871302596   1784.8309599340307   4.863462094792952   432.25331098248915   34.816179394352524   1312.8980067473938 
  1972.0   710.721885405883   1784.7431505481982   4.875719881857631   432.0850028134472   34.80735333539817   1312.9750752103812 
  1973.0   711.2801356377773   1785.3419205209973   4.946050439300218   432.4960493569719   34.82121995548067   1313.0785989204937 
  1974.0   711.8694918625043   1785.8779424572265   4.937181586350407   432.8806657587597   34.849136409839836   1313.2109569315685 
  1975.0   711.8417299786854   1786.5697047448841   4.96923138554043   433.3754588574926   34.875165822020755   1313.3498476672605 
  1977.0   711.3911007658543   1786.0919240632606   4.8515994564920515   432.7793821974285   34.870147943365744   1313.5907953587364 
  1978.0   711.3213638898332   1786.113694678143   4.923032708626311   432.68147854925274   34.84556463202438   1313.6636181796762 
  1979.0   711.8506422004767   1787.708507726541   4.9798502295234055   434.00590556140685   34.89466523154473   1313.8280866093683 
  1980.0   711.8732905570743   1787.8843882104823   4.892144939716495   434.0864541175771   34.918076228604484   1313.9877121629695 
  1981.0   712.1421531197592   1788.4360422554944   4.95566921682879   434.42191294749995   34.92786958335125   1314.1305892372407 
  1982.0   711.7581829781562   1788.7451283793794   4.864706144905386   434.6338448211775   34.95202105040477   1314.2945556681618 
  1983.0   711.0896437426298   1788.0011027081314   4.817747524185121   433.8422217657415   34.929968698690715   1314.411164368026 
  1984.0   710.9770138383287   1788.1830231414924   4.954416001155448   433.786933763854   34.91511577184772   1314.5265587562694 
  1985.0   710.5458378860762   1788.8795911333434   4.947336017750577   434.3147184727392   34.93686452206556   1314.6806715857788 
  1986.0   709.6732076044674   1788.3640714200556   4.860740140666177   433.7787946969179   34.92756596891521   1314.7969704346413 
  1987.0   709.2382412638367   1787.883138231211   4.9726665434362625   433.17519899589587   34.8850197747885   1314.8502524444373 
  1988.0   709.0743317805328   1788.4306451918205   4.918330327483681   433.6390612966453   34.90493132007691   1314.9683214161403 
  1989.0   708.7101706304754   1787.9555590498771   4.799858623113555   433.1985596236979   34.89721249152554   1315.0599274860078 
  1990.0   708.9274787755129   1788.7645087147666   4.9831201826306835   433.7359145184969   34.895039432045145   1315.1504348588455 
  1991.0   709.0283974741415   1789.5029551449602   4.913132090909248   434.330374703462   34.941338766272274   1315.3181104079542 
  1992.0   709.7749646428703   1789.4059088235608   4.941663014420204   434.08759571644816   34.940874492411865   1315.4357757068406 
  1993.0   710.4399782126535   1790.6619200326122   5.036362831879347   435.0458291857601   34.97778778969937   1315.6019397235882 
  1994.0   709.8469883309781   1791.9932142679395   5.015855808076178   436.13585787435966   35.03331772702391   1315.808181979322 
  1995.0   709.3993705554269   1792.7179687901635   4.923225147521973   436.7094744569058   35.07296719716646   1316.0123006853255 
  1996.0   709.155827569139   1792.2024340183257   4.803700063555319   436.12616442502815   35.07689258308023   1316.1956745916432 
  1997.0   708.8529366496796   1791.4116254792823   4.8534096345408795   435.21235966875014   35.03565743736933   1316.3101990689177 
  1998.0   708.8052954498412   1791.1866235312423   4.868574863624842   434.8593150910884   35.01715609690249   1316.44157883942 
  1999.0   708.8783885476539   1791.237273182624   4.919666454717245   434.7365894290549   35.006201272423795   1316.5748144881804 
  2000.0   708.2356181350542   1791.1643149155357   4.858463853488601   434.5924663403552   35.00287971391352   1316.7105053379335 
  2001.0   708.1261494722479   1790.9768720298769   4.897902489335708   434.2784605536633   34.98097168255216   1316.8195384601781 
  2002.0   707.7935662073451   1790.805584505351   4.904500006421271   434.0146473927659   34.96304665232053   1316.923389020436 
  2003.0   707.959112005682   1791.1088323603128   4.922113562979262   434.17803473221335   34.96497130263241   1317.0437131631072 
  2004.0   707.4452300601912   1790.9850185058858   4.859515716617294   434.0080506850042   34.96083165977942   1317.1566209466864 
  2005.0   707.3840835966935   1791.3032207955434   4.966552788862821   434.130750058984   34.949880630076805   1317.2560371253287 
  2006.0   707.3973727583312   1791.5820269430749   4.8681945652401035   434.33880159090086   34.97320204717334   1317.4018286992741 
  2007.0   707.5477770031359   1790.9072586196594   4.84456311481886   433.61672525025915   34.94960016388413   1317.4963708250834 
  2008.0   707.9284404589915   1791.223316867174   4.995126192485095   433.7004262040209   34.937494326661685   1317.5902704278742 
  2009.0   708.0695007439516   1792.0202181434101   4.970645942693595   434.34394644860316   34.96818924958526   1317.7374371687877 
  2011.0   707.9854996776149   1794.0149342622642   4.950665962369668   435.9239526812324   35.04380687267497   1318.0965095635595 
  2012.0   707.5836278837373   1794.196994082043   4.888500869420507   435.976478121801   35.060477067972144   1318.2715382013178 
  2013.0   707.4071826437688   1794.6643737787776   4.993853616664213   436.1683319736322   35.06696921361784   1318.4352194089424 
  2014.0   707.4876492831932   1795.4137722161893   4.969499839912292   436.6921304342161   35.10528454449822   1318.6468571885125 
  2015.0   707.0230733165155   1794.7455371332326   4.803248787868349   436.0232635496573   35.10073132131767   1318.8182923763586 
  2016.0   707.4553938880648   1794.1700115433416   4.903045356486686   435.2746905696477   35.05930791685576   1318.9329694017265 
  2017.0   708.2033359908801   1794.8878825894647   4.999413218316454   435.7306283352301   35.067514116660114   1319.090326862267 
  2018.0   708.2914491807966   1795.8039262113075   4.994149248959834   436.4351734864897   35.09750526335287   1319.277097776792 
  2019.0   707.761809637215   1795.6401856677367   4.877357216660443   436.1969148573585   35.1096326241442   1319.456281163102 
  2020.0   707.1743357649868   1794.6089916605415   4.858876624341117   435.09854171399587   35.07344549121848   1319.5781276949488 
  2021.0   706.6170769402385   1793.7835465594076   4.863841414373312   434.2185762887133   35.03139798704077   1319.66973028062 
  2022.0   706.985093430275   1793.946525771769   4.9472873521740555   434.1976193614332   35.018999604109936   1319.782618084168 
  2023.0   706.8499987458006   1793.914383326123   4.909771698103792   434.0719895378293   35.01882788946157   1319.9137924882555 
  2024.0   707.0896801225385   1793.7171294825525   4.905750302589402   433.7878211923686   35.003798012085355   1320.0197591665546 
  2025.0   707.0640496611948   1793.212974928438   4.816567924202115   433.2949838136412   34.9835055187156   1320.1179183695556 
  2026.0   707.2648575368303   1793.9516211447942   5.00341976866667   433.74965360212775   34.97540592838999   1320.2231424945887 
  2027.0   707.241745328023   1794.8694029914682   4.960237645804404   434.5117034877584   35.01068952748201   1320.3867713117231 
  2028.0   706.9641327084253   1795.4189519077795   4.953016933016868   434.8886963625164   35.03259134989664   1320.5446473521313 
  2029.0   706.016162341093   1794.784049986908   4.8254183065983955   434.2704035156125   35.02142261785552   1320.6668076365577 
  2030.0   705.7238860187   1794.710682447686   4.936991751446838   434.0318246197205   34.9923511028103   1320.7495142370847 
  2031.0   705.7205348170204   1793.9806842552414   4.8611593421053065   433.32480187281374   34.96726506619252   1320.8274591070965 
  2032.0   706.2844341356732   1795.2224363612113   5.07679463016558   434.22795674034023   34.98015864536323   1320.9375277666588 
  2033.0   706.710890430296   1796.7399444270839   5.022896276615628   435.5381352333942   35.04822595467512   1321.1306870358305 
  2034.0   706.4220138758177   1796.849950689922   4.901070071750761   435.5747325485585   35.073587954425115   1321.300559136937 
  2035.0   705.5560568127481   1796.2329786099667   4.848890543652859   434.91676601492077   35.053394035701764   1321.4139281945982 
  2036.0   705.9327522118383   1795.5157834667477   4.925066173254053   434.10726418514747   35.00688477450354   1321.4765685953698 
  2037.0   706.5449368452084   1796.409099729618   4.99912754514558   434.77214597610634   35.02735917194385   1321.6104668256276 
  2038.0   706.4179017436618   1796.9260158709774   4.947828043751469   435.1718886154434   35.05015012501126   1321.7561485452252 
  2039.0   705.9341643973651   1797.3057098694746   4.922221961134798   435.4145119378761   35.06542062029461   1321.903555369855 
  2040.0   705.8762462584288   1797.2240294661374   4.952614524897553   435.17368517913206   35.06213017424013   1322.0355988741576 
  2041.0   705.5493927706895   1797.9000798337713   5.008717329698222   435.628763090353   35.077286060680834   1322.1853135164529 
  2042.0   705.3993291934756   1797.9080658733649   4.901124365681175   435.5781278738476   35.091676582449004   1322.3371368047083 
  2043.0   705.0480221913275   1797.7225548405402   4.887358502406948   435.29512116244496   35.08301424858424   1322.4570599632839 
  2044.0   705.0474726867534   1798.106341790149   4.924139381971489   435.488941898467   35.0933970210357   1322.5998643005607 
  2045.0   704.8171335085702   1797.6200799378528   4.854619185695972   434.9556276778893   35.08337063008171   1322.7264629877168 
  2046.0   703.5922859976257   1796.399535969558   4.80509424648405   433.7632673927828   35.03538330570786   1322.795790981919 
  2047.0   702.981894788275   1795.5539340432906   4.889147240098969   432.88268824134724   34.9701296740044   1322.8119680596906 
  2048.0   703.4443106619781   1796.1482687232144   4.996705410898278   433.2976289663596   34.96795089889176   1322.8859830600054 
  2049.0   703.0466688202595   1796.5691189208142   4.902844640007868   433.67984337580197   34.99050164356714   1322.9959292222495 
  2050.0   702.6410106428193   1795.8104280961238   4.852426693268956   432.9534409024965   34.96032310229942   1323.044237494313 
  2051.0   702.3425212475489   1796.2965871135204   4.973506717024003   433.25812033074726   34.95523025210162   1323.109730090368 
  2052.0   702.4497127032488   1796.295809594846   4.914565433808959   433.2229735086911   34.96305452862636   1323.19521679388 
  2053.0   702.7768101542216   1797.0914374404765   4.995543325877662   433.8222347749349   34.97970612655257   1323.2939527849087 
  2054.0   702.857114314025   1797.8020303060937   4.900756116029827   434.44145601573445   35.02085185376425   1323.4389670423827 
  2056.0   702.257377074067   1796.9681226050502   4.907616010001651   433.4686683392101   34.986297140465865   1323.6055415375408 
  2057.0   701.9559963782832   1796.717243855417   4.86176667736925   433.17991005860296   34.97973764432414   1323.695828573567 
  2058.0   701.9189847036573   1796.5908260258427   4.960972767437796   432.93038750233   34.95161689236246   1323.7478497080701 
  2059.0   702.2320163775339   1797.5831839816221   4.9954861210083505   433.74005605280894   34.97991842056712   1323.8677239231176 
  2060.0   702.4050325399003   1798.5131772681227   4.960844292864279   434.519274929485   35.01732357050083   1324.015735200074 
  2061.0   702.694157320609   1799.109675673887   4.91548766022771   434.98353548094894   35.04489421100348   1324.1657585291714 
  2062.0   702.2917219401434   1798.6781429361793   4.863899779108346   434.5041343597456   35.035279095534605   1324.2748286728183 
  2063.0   702.5748004262505   1798.6992901600145   4.932861789568083   434.36399218332707   35.025158586315435   1324.3772782496806 
  2064.0   702.6063485370515   1799.1180697813004   4.946191186825117   434.6320542530606   35.03661357710717   1324.5032111356509 
  2065.0   702.7824085569127   1799.7092890770707   4.995603726588536   435.02445190488106   35.052562839291014   1324.636672595333 
  2066.0   702.8045649194245   1800.5013620655272   5.015505923915869   435.6005443968859   35.08502800682057   1324.8002838720017 
  2067.0   702.1441074632634   1800.5183428992455   4.919014941142478   435.53740571049894   35.10305448974808   1324.9588683942907 
  2068.0   701.6206811804277   1799.7048164842065   4.906220496523678   434.6903069620492   35.06658870151258   1325.0416990987587 
  2069.0   701.4936309739626   1800.0129959685153   4.955720497392131   434.82429872885973   35.07082986334641   1325.1621454229153 
  2070.0   700.766649347264   1798.5214029586336   4.79735243656008   433.4636588529633   35.0311958945831   1325.2291957820203 
  2071.0   700.6607813103645   1797.6525231767225   4.911494129813294   432.53518262560647   34.971251850719995   1325.2345936770487 
  2072.0   701.1439591971601   1798.3392398176834   4.975369660145165   433.0970312907753   34.97403959415179   1325.2927996589297 
  2073.0   701.5162372358905   1799.2720908349952   5.008868007973062   433.8736704620979   35.00075877043097   1325.388793077318 
  2074.0   702.002775337451   1800.769076307377   5.0759639105209216   435.11960625423336   35.049624675089504   1325.5238815882776 
  2075.0   702.8166938260175   1802.047846191151   5.02052456039402   436.2016759154713   35.11528207012944   1325.7103611805132 
  2076.0   702.3507567856724   1801.6905632231164   4.861193347433574   435.8119890500831   35.13892287750144   1325.8784573647042 
  2077.0   701.8090820346781   1801.0593961790048   4.942640207184799   435.0472586039388   35.10401449081534   1325.9654834497512 
  2078.0   700.9331574530646   1800.4148702319933   4.887232931784619   434.39670676158187   35.07938696087409   1326.0515440746938 
  2079.0   701.1248758643707   1800.71958856329   5.034377718426295   434.503158172381   35.057941985120436   1326.1241105097035 
  2080.0   700.7629194325438   1801.1470121801372   4.946634884387238   434.8603625989943   35.084906238560876   1326.2551081121744 
  2081.0   700.7026980153635   1800.8065442640764   4.914997700162465   434.4571317174754   35.07907777203158   1326.3553360235637 
  2083.0   701.3239261240506   1800.4803429947992   4.979794474067809   433.95508371397557   35.04492917420387   1326.5005362737218 
  2084.0   701.3797131996533   1800.4739421396275   4.894945289797565   433.9365097869699   35.05028867537467   1326.5921979490736 
  2085.0   700.9154242574112   1800.240274936818   4.910173648769486   433.671656835503   35.02160141107771   1326.6368450444406 
  2086.0   700.2263880548475   1800.1392673780294   4.852423590615836   433.5727405945111   35.01337673595042   1326.7007251378516 
  2087.0   699.9787163874665   1800.4796826142012   4.974587519938457   433.748781800012   35.00187973337992   1326.7544331212696 
  2088.0   699.5007295915716   1800.7433127729175   4.938403008366689   433.9493835279998   35.014585964315245   1326.8409413744582 
  2090.0   698.6363531217575   1799.9849151119502   4.970031590100496   433.12888996287614   34.97323362592754   1326.9127598105565 
  2091.0   698.3852442971985   1799.732214760205   4.919240149885167   432.86592079866773   34.97534812138021   1326.9717062496368 
  2092.0   697.8529733951326   1798.792279933811   4.874563221224258   432.00342943061764   34.939650567846726   1326.974635527511 
  2093.0   698.7583952723444   1799.859313497127   5.04635617770773   432.8382749029223   34.95360237938047   1327.0210799671245 
  2094.0   698.7365723037415   1801.2162434695879   4.993537780815176   434.0642905580823   35.01481663606681   1327.1435983043048 
  2095.0   698.3507118077304   1800.114233982316   4.83103997095911   433.08897520753646   35.001041138431496   1327.1931773380707 
  2096.0   698.0367433434708   1799.0594552967762   4.898810133188479   432.05802855500417   34.94214677657412   1327.1604692154424 
  2097.0   698.2217075759745   1799.123535939733   4.8920003318254   432.1213207487352   34.93501785501954   1327.1751977748124 
  2098.0   698.6207047753727   1798.8983631006674   4.848211977338052   431.93959195395644   34.92291362478222   1327.1876453935731 
  2099.0   698.9826069543404   1800.0029040746654   5.004324971404974   432.81643903132004   34.943330784056876   1327.2388094657035 
  2100.0   699.2046756916675   1800.33905818489   4.923542300350743   433.12291049021934   34.972235028820414   1327.3203711375986 
  2101.0   699.1408427978993   1800.3032198790372   4.942891299569621   432.9980002814225   34.97650349746504   1327.3858244298058 
  2102.0   699.6714878799543   1800.604802444656   4.987913690576247   433.15665725731947   34.990708892769625   1327.469521623927 
  2103.0   699.8061604290916   1800.9765816637073   4.959498411335952   433.4120512202953   35.02011248665373   1327.5849203881546 
  2104.0   699.435865298895   1800.7523379741758   4.942510462225398   433.1325492503244   35.01451540054675   1327.662763251305 
  2105.0   699.8303591719106   1800.898262699155   4.98619800955556   433.17207545088314   35.0074921916731   1327.7324970061825 
  2106.0   699.9587021745689   1802.1194143041912   5.029422614081891   434.1880955459802   35.04367926456873   1327.8582159852804 
  2107.0   699.7827985116521   1802.4129611797748   4.945797446891127   434.416409023384   35.067507980484265   1327.983246705166 
  2108.0   699.460479665079   1801.6712441396626   4.876214967022704   433.69309152543786   35.045299640112   1328.0566368891202 
  2109.0   699.9436392356271   1801.3884753981627   5.000027358921512   433.27705618813525   35.01147836405189   1328.099912313075 
  2110.0   700.0541093194712   1801.4895172744796   4.955393319093727   433.3262079654103   35.01891919062581   1328.1889968794303 
  2111.0   699.2250307183449   1800.8403968458872   4.807288333548348   432.7848918944844   35.002648268862984   1328.2455680847559 
  2112.0   698.8240290228131   1800.5143681740017   4.932554861636721   432.3728804764851   34.958701203086946   1328.2502304238137 
  2113.0   698.7949057604961   1801.0704960349763   4.973739225887832   432.8241912567457   34.96303998553718   1328.3095260302725 
  2114.0   698.7342956378728   1802.284422728184   5.021843309895391   433.8422311094538   34.998463312648404   1328.4218855692927 
  2115.0   698.3295064732567   1802.7057173869068   4.940217068257756   434.1863033027933   35.031330089746774   1328.547867802568 
  2116.0   698.9137842111317   1803.2208123645232   5.035253093672187   434.4939228056654   35.04155607624705   1328.6500802610333 
  2117.0   699.2908899317777   1803.937506731811   4.974491882979174   435.0694564764984   35.08756406694713   1328.805994011589 
  2118.0   698.98143437157   1803.6812818042297   4.9130505251550085   434.75782144079426   35.09060562815517   1328.9198052252211 
  2119.0   698.8470638729086   1803.1070836508031   4.92690236103098   434.1050310558947   35.071451868208776   1329.0036983355492 
  2120.0   698.0913002435759   1802.9667095005573   4.974273012413829   433.8909992125988   35.04486794278311   1329.0565707158403 
  2121.0   698.0524997560309   1803.198197544743   4.998876873683901   434.02723272941563   35.04279485397191   1329.1292922993305 
  2122.0   698.0393577583214   1802.8757153403824   4.944894757482494   433.68719514398185   35.04256443184465   1329.2010618283714 
  2123.0   698.3384913455086   1802.5362711734022   4.96868259745441   433.30657810038446   35.02101402215527   1329.2399972553962 
  2124.0   699.0517979464926   1803.7390308289282   5.003585777810482   434.32081264364854   35.060584462008926   1329.3540498148195 
  2125.0   698.4095940352428   1803.7384841692597   4.873098699637177   434.32563751006995   35.07856453000388   1329.4611838691897 
  2126.0   698.0249498952002   1802.4403907169547   4.875967172342546   433.07134862571775   35.02392723204912   1329.4691476053567 
  2127.0   697.7474415219166   1801.7056519774121   4.863951050560478   432.3813730977818   34.98552792649511   1329.4747997826703 
  2128.0   698.3583995905841   1801.5341074919968   4.954239132129651   432.1472526706361   34.95659737296253   1329.476017714305 
  2129.0   698.2478787680404   1802.3091947379694   4.9176675910870875   432.86810743019373   34.982928747973084   1329.5404904839704 
  2130.0   697.4764387896844   1802.3576846285675   4.909035192815817   432.8945064938067   34.97768570793312   1329.576459230894 
  2131.0   697.3219237301703   1803.0867825744147   5.079845712893689   433.40532329452014   34.982369551951564   1329.619242954966 
  2132.0   696.6713161370083   1803.2583676683394   4.915402002832137   433.6270930209521   35.01122632509943   1329.7046470066027 
  2133.0   697.2863345700655   1804.04160574483   5.100669304401896   434.15785592586104   35.01822362063176   1329.7648567155647 
  2134.0   697.3979664425538   1805.0109158762282   5.024475582569032   435.01462444543387   35.07433737749584   1329.8974781048687 
  2135.0   697.1781775863709   1805.342068734061   4.961366665536114   435.2618708447246   35.10279988147635   1330.0160305350375 
  2136.0   697.2252896870897   1805.2731385530344   4.945087372350812   435.10169607668826   35.1085911737273   1330.1177649977258 
  2137.0   697.021611113576   1805.2502932129473   4.95455089909777   434.95725401722507   35.115025504922464   1330.2234636884637 
  2138.0   696.5947051649151   1804.3723434613435   4.865553654342672   434.1032100288003   35.10039408058741   1330.3031871939925 
  2139.0   696.0647010317721   1803.315547834925   4.875470210277281   433.0791113923697   35.04485686808113   1330.3161092767912 
  2140.0   695.6997815834105   1802.1784614562944   4.829060916444847   432.0380266827965   34.995012773816136   1330.3163605127036 
  2141.0   695.7368350607677   1801.8645656862334   4.873993395940711   431.71981847904226   34.959925162145716   1330.3108291642154 
  2142.0   695.9659527494292   1802.1843017338283   4.957521368977745   431.9371540943358   34.95270797676191   1330.3369168686174 
  2143.0   696.3594934069705   1803.6494045215334   5.043127140247752   433.16815968953784   34.99825085155908   1330.439866330517 
  2144.0   696.1745584013321   1804.0540068481805   5.000944465518735   433.48884568692995   35.02609389509374   1330.5381231848316 
  2145.0   695.6964002095335   1803.8112608529773   4.893379662339279   433.27000313307104   35.03174884460103   1330.6161289952672 
  2147.0   695.9938073757189   1803.4818835211306   5.003592836947994   432.798291302636   34.994393881790245   1330.6856052180967 
  2151.0   694.9619081848523   1802.2310769640046   4.967345027177696   431.4524241667512   34.95449241057459   1330.85681618143 
  2152.0   695.0057322483198   1801.8108662604152   4.928843909263157   431.0611914265479   34.94059784346903   1330.8802326651776 
  2153.0   695.4132357912629   1802.1665738655802   5.003160086478024   431.3211028730385   34.93765164661844   1330.9046595061886 
  2154.0   695.550258226574   1802.937928690273   4.952832301939712   432.0243438331628   34.972255973670094   1330.9884974395604 
  2155.0   694.899057457415   1802.7218772834283   4.928486398387526   431.80235894837097   34.96181917929369   1331.0292123613463 
  2156.0   695.3003234402153   1803.589778099693   5.045410737233168   432.47275987104973   34.97602442228574   1331.095584312139 
  2157.0   695.3109651410947   1804.4722693892147   5.015984141764848   433.22995132151425   35.01607157955837   1331.2102618192034 
  2158.0   694.6017480378829   1803.094085221489   4.816073859153007   432.031238052787   34.99173691854702   1331.2550381038593 
  2159.0   694.8542185790235   1802.8037626408786   5.032553971968397   431.5911116424427   34.94133122246143   1331.2387657327397 
  2160.0   695.4017857812526   1803.837085888445   4.997752237327618   432.527168218868   34.98195177893963   1331.3302135916786 
  2161.0   695.9207395688038   1804.3807210275472   4.941660467661124   432.9854988028988   35.01735532280867   1331.436207267183 
  2162.0   695.3739585141144   1803.826173132981   4.898394081138955   432.4283759270916   35.00518619616714   1331.4942182898064 
  2163.0   694.9343508968244   1803.970060255707   4.979168523760061   432.4331089403285   35.00134745034691   1331.5564352811489 
  2164.0   694.3047699154918   1802.8908111881426   4.8415680140400905   431.47961476705933   34.974987711709936   1331.594639426303 
  2165.0   694.572659006011   1801.8236750125611   4.890055030135743   430.4419690860511   34.91765746581217   1331.5739942003001 
  2166.0   694.5252087079366   1801.4250493544687   4.9177527805291374   430.04542034534006   34.890737621851954   1331.571139030334 
  2167.0   694.2267683780988   1800.7862981998283   4.924443472297044   429.46774474441736   34.853112056527735   1331.5409989751556 
  2168.0   694.1206861174747   1800.966790250567   5.000317001274381   429.61727434697895   34.833401626897114   1331.5157988140722 
  2169.0   694.5691777620073   1802.8630185993245   5.101417988929129   431.2959642409264   34.88532162928768   1331.5803139714212 
  2170.0   694.5626084752809   1803.5195128167406   4.954105947907807   431.9663824855729   34.93237669139949   1331.66664864125 
  2171.0   694.8568253639182   1803.754925044637   4.987810340347421   432.09836324092856   34.945533232848405   1331.7232170455375 
  2172.0   694.5367063641901   1804.5320001984053   5.013229235995613   432.73374340502426   34.97656655447809   1331.8084612917023 
  2173.0   694.0436719610265   1804.684452613836   4.881721175114938   432.87949491361917   35.008074500049275   1331.9151631687037 
  2174.0   693.5647198632266   1803.7516783657786   4.903155977966009   431.92783854641857   34.97439649248248   1331.9462873473205 
  2175.0   693.3533896663303   1804.266124237905   4.970438722227716   432.309854917908   34.97766378656226   1332.0081666356616 
  2176.0   693.2815100048713   1804.4925443464076   4.96719362304956   432.46681327200895   34.98447448456297   1332.0740627755347 
  2177.0   693.2759459359586   1804.6979542920747   4.951925192684832   432.6083067592628   34.99273727153735   1332.1449852250557 
  2178.0   693.5016209391076   1803.9696390975305   4.871185634581664   431.9293698425939   34.97693391645283   1332.1921485900848 
  2179.0   694.6450310840931   1804.379194755564   5.054718450673956   432.10517460560317   34.97492534353467   1332.2443762397875 
  2180.0   694.8279453807601   1804.8511094165497   4.955533189378751   432.545341284101   35.007877491505226   1332.3423593246987 
  2181.0   694.8369534520023   1804.0202421352583   4.916935490671882   431.74955509061357   34.98150776407776   1332.3722432155637 
  2182.0   695.3234827252797   1804.2682381464185   5.102428654056261   431.8075773366528   34.962555816524706   1332.395675317058 
  2183.0   695.5892361381214   1806.1679670387184   5.112173328398681   433.4807793307776   35.03527603981871   1332.539737983977 
  2184.0   695.5038369118431   1806.6851506204355   4.9866020201361065   433.95134924348247   35.075684739215376   1332.671515478266 
  2185.0   695.5390290006266   1805.9308816025052   4.891821309051809   433.21995210091194   35.0662697692605   1332.7528379546409 
  2186.0   695.4521255806245   1805.051968706693   4.899301809859547   432.3446502848044   35.027425959458014   1332.7805912141841 
  2187.0   695.6211200161603   1804.586499275799   4.930518097756467   431.85346951388914   34.999534487769246   1332.8029761036141 
  2188.0   695.9129809950149   1805.3307550324298   5.032109596539872   432.42649814560394   35.01039591857479   1332.8617518207218 
  2189.0   695.3658822781912   1805.3629966135748   4.911537098180078   432.50070529470906   35.020721068201595   1332.9300328794761 
  2190.0   694.9826100885049   1804.5894760273088   4.8902680612520335   431.7719280589097   34.98724466546533   1332.940035768559 
  2191.0   694.5665214474961   1804.0692801129346   4.878323133501232   431.2762758831526   34.96310616146349   1332.9515745300234 
  2192.0   694.0275579564045   1802.728455559572   4.7799423645904335   430.0958003400148   34.9195073566725   1332.9332053772198 
  2193.0   693.8420558687777   1802.4487562539257   4.946362149248762   429.752119489121   34.869396296320936   1332.880878353764 
  2194.0   693.6367257604894   1802.7486594009235   4.940560290858676   430.04955613826115   34.873213048011756   1332.8853298114925 
  2195.0   693.8152214645916   1803.3665064158122   4.985470480306684   430.599928157333   34.88330453669865   1332.8978025414904 
  2196.0   694.1161782056736   1803.1167835676488   4.917799834291015   430.4057596657436   34.883030687937676   1332.9101933642728 
  2197.0   694.6466337218396   1803.7990148960853   5.052781986802578   430.9152489384414   34.89384808310709   1332.9371363535665 
  2198.0   694.8320291801307   1804.4574674901305   4.946523514525391   431.5430940516522   34.941169696301465   1333.0266790757598 
  2199.0   694.5825449409097   1804.5478150742263   4.936310546545693   431.57996064964584   34.94909325171375   1333.0824503544668 
  2200.0   693.9070323919562   1804.6541534096677   4.9708434776309085   431.6035752831162   34.94803047635564   1333.1317050661262 
  2201.0   693.4410725305997   1804.5736528024743   4.96588111614298   431.50453078895725   34.938637873668284   1333.1646014574283 
  2202.0   693.1043045951152   1804.7919182882285   4.952304792599772   431.69707144756103   34.93932414453341   1333.2032172536985 
  2203.0   693.162662202738   1805.2675241894835   4.997005588851476   432.06313984883474   34.949495040838606   1333.25788330743 
  2204.0   693.3279195975616   1805.8241942394125   4.999295554433532   432.510707102889   34.97379559657438   1333.3403955533224 
  2205.0   693.8398932236831   1806.4520734464675   5.004965211138689   432.99286733557614   35.00692248374222   1333.4473191938496 
  2206.0   693.7987996608601   1806.6162598217443   4.95348855010642   433.0884781742949   35.025610179346366   1333.548683949181 
  2207.0   694.2485030126038   1806.3696968058935   4.972788365354832   432.75902951139864   35.018395315238486   1333.6194828998532 
  2208.0   694.4672171569904   1806.8884012992362   4.982274437700835   433.1516178785742   35.03619896352038   1333.7183106247687 
  2209.0   695.2740624865802   1807.6057232494134   5.023938941490528   433.69038491857106   35.060511031984866   1333.8308896439041 
  2210.0   695.2745939548901   1807.7328650273007   4.947618868477102   433.75132569251394   35.08132261330115   1333.952596861126 
  2211.0   694.899329995376   1807.3410809538746   4.996212878592153   433.2682824978843   35.05933988247143   1334.0172473166424 
  2212.0   695.2799636286247   1807.6087603390924   5.001059003463569   433.4190972483688   35.07144904289652   1334.1171547306972 
  2213.0   695.3538166398523   1807.683853193718   4.960539053143348   433.4370178482852   35.07548878400878   1334.210807071154 
  2214.0   694.8426958177635   1808.0918014472322   4.9963566651795555   433.7177329671275   35.07707451428146   1334.30063744455 
  2215.0   694.3474366083269   1807.2292703209785   4.890560987161223   432.9095981257234   35.05770200353616   1334.3714083971572 
  2216.0   694.5814403759367   1806.9211994449051   5.051640289879227   432.440624959924   35.02475924525733   1334.4041743508926 
  2217.0   694.8511809639239   1807.8668462036833   5.087996035429001   433.21945641349265   35.054011749496766   1334.505381123487 
  2218.0   695.5573165713386   1808.7755231739773   5.076267221576571   433.97942975782803   35.09333633862414   1334.6264902096343 
  2219.0   695.6669136189499   1808.956273740828   4.971783463334307   434.11771524244335   35.118575624978014   1334.7481985067477 
  2220.0   695.5266945515539   1808.3181751578597   4.948660110092499   433.4464928097591   35.10156347909121   1334.821458375829 
  2221.0   695.6333118656277   1808.5391825688955   5.027706945894705   433.52081092030585   35.09473058122988   1334.8959354907715 
  2222.0   695.2492700474335   1808.5471059115348   4.91333060611126   433.52107223061154   35.10770167739847   1335.0050013023092 
