 year   CV   CS   DPM   RPM   BIO   HUM
  1920.0   696.6349852308572   1776.8084128276537   4.845131869392118   432.9455102301763   34.81620527392443   1304.201566056837 
  1921.0   697.9589599233587   1776.6754488768818   4.919640632951628   432.54678948384276   34.79913790282447   1304.4098808597241 
  1922.0   699.1755786223645   1776.030129475284   4.881329852567246   431.77999047374647   34.77589456458196   1304.592913566937 
  1923.0   700.0340585551384   1776.3668806234114   4.95526382931539   431.87994172904354   34.76393303132489   1304.7677409550183 
  1924.0   700.1713527339803   1776.828438867741   4.87398405473122   432.2113242261974   34.77698663344411   1304.9661419260212 
  1925.0   700.4265107278217   1776.5480889293665   4.8608301524820545   431.82936553023075   34.75035818297122   1305.1075347331105 
  1926.0   700.5103274597744   1775.4161720088287   4.752560489828716   430.7528580147225   34.703854565235346   1305.2068992693519 
  1927.0   701.5765042848359   1775.1055770338508   4.859863007668164   430.29524744723125   34.6613261225029   1305.2891389514584 
  1928.0   703.0961833029301   1776.4094688982873   5.004523752893157   431.2613020600215   34.68968132935428   1305.4539613816557 
  1929.0   704.2554428375524   1777.6955858322551   4.939471740639732   432.33808458630597   34.749407984745076   1305.6686226182753 
  1930.0   705.2418371889621   1777.821423660939   4.855657695054544   432.32738681179654   34.77421693481615   1305.8641630279342 
  1931.0   705.5623555885759   1778.1875813520453   4.891764665884663   432.46869328392364   34.78320160905661   1306.0439222815803 
  1932.0   705.9405761416821   1776.851402898746   4.7345209330247915   431.179191167726   34.75470943389984   1306.182980498727 
  1933.0   706.9164652499112   1776.6657165837833   4.929248282236876   430.74827066888366   34.712372502510384   1306.2758250477643 
  1934.0   707.4253595649672   1777.3996624444983   4.877136326264717   431.3455770383779   34.735749101774786   1306.4412009052305 
  1935.0   708.3881792507856   1778.3867067194021   5.003937061853923   432.03707120474905   34.75010508308755   1306.595591439764 
  1936.0   708.9973100991964   1779.4227847654097   4.9681090351103645   432.8424788910683   34.7999153960276   1306.8122820060073 
  1937.0   709.2926703131357   1779.338830324963   4.887755099021259   432.6345640367853   34.813986869242534   1307.0025249924279 
  1938.0   709.41850389939   1779.0550161213337   4.94764608399949   432.1884439775883   34.786941644953075   1307.131984496599 
  1939.0   709.614720057578   1780.1663804691548   5.005414039112877   433.02989174843117   34.815022501958985   1307.316052924772 
  1940.0   709.7310914760603   1780.8276409623434   4.938352048562697   433.52217685181915   34.84970025963804   1307.51741066581 
  1941.0   709.54588535445   1781.0546768859067   4.914531253103112   433.58121794612504   34.861812034584524   1307.6971151911273 
  1942.0   709.2912754199199   1781.2170626153556   4.958123994212224   433.5527150834106   34.857179733435636   1307.8490452206897 
  1943.0   709.4286137520681   1781.8488664944548   4.949813555323804   433.9952690542638   34.877252838194885   1308.0265332267743 
  1944.0   709.6368281257937   1782.1917840291019   4.88476495857951   434.201238240618   34.89528938716707   1308.2104904391367 
  1945.0   709.4994709527697   1781.5581490307854   4.867411403301605   433.49189337333405   34.86494313714071   1308.3339029841877 
  1946.0   709.6259350051403   1781.5186888293047   4.894272730507952   433.31005696354754   34.850854708896605   1308.46350325054 
  1947.0   709.783836164527   1782.0620800353136   4.922300338812493   433.6788742977671   34.85659622412039   1308.6043096525011 
  1948.0   709.9057360363374   1781.9347858249405   4.821372113624887   433.50521108882134   34.85897428693317   1308.7492277228046 
  1949.0   710.5858499566096   1781.7235246842   4.857204167021762   433.16214317624116   34.84010237645716   1308.8640758353563 
  1950.0   711.4816380231093   1782.3356472212884   4.969264930542829   433.5072721935282   34.84768725897347   1309.011422066895 
  1951.0   711.3769722894876   1782.7210957773755   4.860673824799953   433.7800505878499   34.87970581164187   1309.2006653131905 
  1952.0   711.1914533239648   1782.9811354433464   4.943966394760334   433.8183095497103   34.87428585804844   1309.3445731157894 
  1953.0   711.0023959966268   1783.6353760403308   4.974293282228289   434.2695385254003   34.8850719655977   1309.5064730550782 
  1954.0   711.5022483399706   1784.5519872906134   4.931329450705224   434.9842911381667   34.92523782567487   1309.711128442429 
  1955.0   711.2940002881443   1784.8381919194858   4.908500286017644   435.0736063633601   34.946154696276345   1309.9099306323185 
  1956.0   711.3834353751103   1785.077592762287   4.945985390938448   435.1145236938222   34.943061230264306   1310.0740212626863 
  1957.0   712.1212292220121   1786.105963559949   4.958282521590117   435.8900271907995   34.97515084093511   1310.2825037070818 
  1958.0   711.8796869417946   1786.4700843431722   4.886007282924563   436.10012446320457   34.99667386598603   1310.4872791391804 
  1959.0   710.6395988365476   1785.203902744777   4.806419452811626   434.7766960277653   34.967087771533784   1310.6537007890909 
  1960.0   710.4405955779291   1784.8551534327457   4.870835463270144   434.26709822712735   34.93354677320243   1310.78367041877 
  1961.0   710.5108559714571   1785.325284686   4.916136300595478   434.52815344320913   34.93554725301203   1310.9454489824586 
  1962.0   710.3590543405163   1785.4372497596162   4.905261151075725   434.49242463875373   34.93576232160496   1311.1038033152618 
  1963.0   709.9582241478183   1786.013425321121   4.873534146904591   434.88624776515746   34.9603473108028   1311.2932971853252 
  1964.0   709.8081841206439   1784.7063764303914   4.7756675576535015   433.5931921714329   34.923281950759765   1311.4142345279688 
  1965.0   709.9946808442178   1785.082281420715   4.993968558050696   433.6637045808305   34.899992952023375   1311.5246151104295 
  1966.0   710.1142665035828   1786.246642913412   4.976279515376068   434.6209671870888   34.94040786798682   1311.7089873425264 
  1967.0   709.9707202947419   1786.61873291432   4.866619126443988   434.8916700643923   34.966913305389916   1311.893531724012 
  1968.0   709.5991052793123   1784.8633683692194   4.7101831265166725   433.2532094786844   34.91616123653323   1311.9838134831468 
  1969.0   709.9291112306593   1784.6755070939175   4.955126739598113   432.82206809548205   34.86188252351823   1312.0364289784352 
  1970.0   710.3226379060048   1787.0432068726334   5.092353194998346   434.7924276596878   34.927864000961044   1312.2305611662186 
  1971.0   709.5674702602247   1787.7628884303367   4.921338434427539   435.39864044532345   34.98841780370575   1312.4544918535883 
  1972.0   709.1522079505684   1786.978807864148   4.877774295272976   434.5440641606016   34.96727923678266   1312.5896914868938 
  1973.0   709.441539583253   1787.818406460223   4.986671043056307   435.0969617077034   34.98035039135228   1312.7544234287159 
  1974.0   709.5412848051445   1788.958865443487   4.956776347178591   436.00898974417845   35.02491025583168   1312.9681886826263 
  1975.0   709.2902078409265   1789.2884295057434   4.885251647638572   436.15172647740366   35.057947291128436   1313.1935043273297 
  1976.0   708.7647049940082   1788.4765761141211   4.8225886833827545   435.2540999719657   35.03814895844227   1313.3617379644447 
  1977.0   708.3211680084518   1787.9024988002348   4.87497127789683   434.52572604632985   35.004276088773125   1313.497525349598 
  1978.0   707.9565686168505   1787.4171873318014   4.881890129806902   433.928749991803   34.97801949441089   1313.6285273505068 
  1979.0   707.7519765273471   1787.0710577712778   4.893518523128946   433.4713453116865   34.95275003722438   1313.7534421855573 
  1980.0   707.7200326252164   1786.6658515031097   4.884814422568701   432.9933781975828   34.92684697333652   1313.8608123476847 
  1981.0   707.2604697854667   1786.4994980850524   4.902895333816882   432.7271634772686   34.90779376284289   1313.9616458415799 
  1982.0   707.0223294993939   1786.7189212726294   4.973273953033609   432.7852848164624   34.899784987663004   1314.0605780359515 
  1983.0   706.7025396633754   1787.8479842070017   4.961470360910066   433.71929032565964   34.93894598049984   1314.2282775227607 
  1984.0   705.99825649497   1787.991092863753   4.843342684668537   433.79807176047467   34.95784040872968   1314.3918383115742 
  1985.0   705.9200450750283   1788.0655157926008   4.911147106011499   433.68413787965153   34.95000196142854   1314.520229289752 
  1986.0   705.625169648088   1787.5045993549634   4.892182742950392   433.0668204188072   34.92490626683233   1314.6206902982021 
  1987.0   705.9292327019086   1787.6278728439843   5.009225668516821   433.0081060979402   34.90544489757131   1314.705095018466 
  1988.0   706.2573944533152   1788.780324986859   4.965559407670792   433.9708847897938   34.958411130797984   1314.8854683498716 
  1989.0   706.3816169852437   1788.428599008988   4.868362681902007   433.5740332227658   34.96128586884196   1315.0249177601352 
  1990.0   706.0687756689872   1787.8341146940477   4.900082300107786   432.90414104482574   34.925861293888396   1315.1040302204658 
  1991.0   706.0185039933474   1788.406829075668   4.983307568344143   433.29923177547226   34.919954770565134   1315.2043351268217 
  1992.0   706.1297313445151   1790.016958648404   5.032432041002463   434.63993891797077   34.968982288946705   1315.3756050286681 
  1993.0   706.0927720752015   1791.4280979423077   4.994885129267569   435.8195117210872   35.029272243818426   1315.5844282119315 
  1994.0   705.4569011708938   1791.639338234208   4.893531255576579   435.92669044321957   35.050625626672236   1315.768489130808 
  1995.0   704.6980789257259   1791.3617220106012   4.88621520390781   435.527108492416   35.03793095166299   1315.9104676335007 
  1996.0   703.9161135300114   1790.684425181433   4.827073662398067   434.8076699654027   35.014365710477655   1316.0353166259897 
  1997.0   704.1054152091978   1789.7094010270482   4.884288041999797   433.7413221761937   34.966645458586136   1316.1171454205753 
  1998.0   704.4487147927853   1790.2460320989217   4.978133916028843   434.0634831799926   34.9651808337755   1316.2392336297335 
  1999.0   704.717317584932   1790.8682351811408   4.95831822869451   434.5200409109403   34.98956383513304   1316.4003131701222 
  2000.0   704.6449622101703   1791.1580287155982   4.946786553127665   434.64589829700157   35.003451067205226   1316.5618936843516 
  2001.0   703.9212285201287   1790.9325700937727   4.839304029729804   434.3774630114822   35.004654427795096   1316.71114838747 
  2002.0   703.3437352269101   1790.4460353402758   4.91831685848725   433.76441254334907   34.963603017259544   1316.7997021021822 
  2003.0   703.2699014263134   1790.5478755033478   4.887594480304752   433.7782592258036   34.96212813064738   1316.9198932767688 
  2004.0   703.3063998426826   1790.5193694153647   4.903467721481617   433.6405543334612   34.949684101397494   1317.0256641864669 
  2005.0   703.3968548245863   1791.3844047299829   4.9995736220613525   434.262908410897   34.964022777516504   1317.1578998678358 
  2006.0   703.3890175254487   1792.056644860048   4.963832635519565   434.7600497560771   35.00006317324148   1317.3326988645686 
  2007.0   703.7816412210292   1792.2783873548028   4.936174015418863   434.8313949319628   35.017174999999014   1317.4936437723495 
  2008.0   704.2903956842764   1793.542294330979   5.024210917885627   435.787351552402   35.05172034008724   1317.679010649877 
  2009.0   704.0202301792626   1794.1684629492981   4.9018765363022805   436.2767208320053   35.093764826392494   1317.8961003426914 
  2010.0   704.0322366893147   1794.4562005282824   4.990928339398035   436.29184752221767   35.097892373458826   1318.075532314409 
  2011.0   703.6196893589753   1793.8307311944614   4.875229919224004   435.6256558041297   35.08879332914246   1318.2410525091605 
  2012.0   703.7992000335255   1793.7232772629093   4.91860978785485   435.3581320040467   35.06839145114278   1318.3781435586172 
  2013.0   704.2108865701015   1794.5166694889056   4.970889662271237   435.8878703256827   35.090776315770306   1318.5671367599286 
  2014.0   703.8499510691177   1794.6707651286108   4.918895655051988   435.89581949284775   35.10231788263057   1318.7537319607263 
  2015.0   703.7357399482197   1794.6436381937463   4.884284485789837   435.7416946886639   35.098546192455885   1318.9191113014945 
  2016.0   703.2696223656163   1793.391537119773   4.798079449594346   434.49506737156025   35.05814241562633   1319.040247033567 
  2017.0   704.4213166130015   1793.6279828982333   5.031784222795917   434.4195194800374   35.029161900069774   1319.147515624664 
  2018.0   704.5974767262267   1794.20039413012   4.89254298958892   434.9091221669337   35.063761801946775   1319.3349664483562 
  2019.0   704.5306764162644   1793.8268496496978   4.880705958703263   434.45139537790936   35.03818291560947   1319.4565643142087 
  2020.0   704.3990806929007   1793.671211160306   4.8650331534527655   434.19964981505603   35.022674458331004   1319.5838541231196 
  2021.0   704.6557183414764   1793.9617352660525   4.903876519026675   434.31430527983355   35.02016073032023   1319.723392049202 
  2022.0   704.1185151571701   1794.061924795835   4.895235709158331   434.29175418893203   35.01554894419889   1319.8593850724383 
  2023.0   703.4741525344297   1792.837661430421   4.808104285511474   433.11541187358995   34.97149072509826   1319.9426542914746 
  2024.0   703.2653453137034   1791.6472579109281   4.872043921093623   431.8944523274375   34.90834918429643   1319.9724128024936 
  2025.0   702.5239461625314   1791.4149576677007   4.83788388342866   431.65069116677756   34.88981607457917   1320.0365666557952 
  2026.0   702.9968650970552   1791.2431699518752   4.945912857150587   431.3835735001792   34.85319725272675   1320.0604877336523 
  2027.0   703.4276058551835   1792.642911786682   5.006108139254854   432.570930210601   34.8924995280418   1320.1733745584795 
  2028.0   703.0256544369385   1792.9136679850421   4.853352056406518   432.8507720656973   34.919777593422594   1320.2897672422253 
  2029.0   703.072503826347   1792.3144870954318   4.866291763103236   432.20240200784804   34.89445527565455   1320.3513376970848 
  2030.0   703.2509097148637   1792.1392713524322   4.913459615653018   431.93253914777785   34.878379985742036   1320.4148919857917 
  2031.0   703.2406062148351   1792.5973085182682   4.941311125054099   432.27493058482014   34.88373593357897   1320.4973309318336 
  2032.0   703.2091385935997   1792.9179817099832   4.912451269852747   432.5167552803872   34.89689005139316   1320.5918842290266 
  2033.0   703.1744310935901   1793.5531134422617   4.946562270178911   432.9939034949012   34.914910506368166   1320.6977375263584 
  2034.0   703.2282173130328   1793.7382736644788   4.98381303758913   433.0484727089045   34.91662849906136   1320.789360227034 
  2035.0   703.178932800702   1793.6892278112691   4.878142772703572   432.9886302085534   34.929055806477514   1320.8933990035885 
  2036.0   703.373912254239   1793.651698599294   4.960999116272798   432.8207041521873   34.91069154595433   1320.959303741833 
  2037.0   703.2865650463409   1794.2765831299575   4.9544242839859365   433.3165935094355   34.932917502706076   1321.0726476787104 
  2038.0   703.2294663751445   1795.0616989088505   4.909229688222484   433.98013977268266   34.96532508151071   1321.207003474316 
  2039.0   702.2690564516392   1794.7537151572064   4.816645066537168   433.65992139845406   34.96230414262936   1321.3148441158544 
  2040.0   701.7044995550812   1794.4260179213127   4.887434128885054   433.2210825725112   34.933083301678536   1321.3844179483958 
  2041.0   700.8934789973213   1794.7271936060151   4.884167318668521   433.41041562776263   34.94023319335946   1321.492377690935 
  2042.0   699.9099893234393   1793.7888699577804   4.82934699280808   432.5058726448248   34.90509802197947   1321.548552597332 
  2043.0   699.5812867556533   1792.9609899809898   4.898699268911721   431.64829666977363   34.85625726886658   1321.5577363672937 
  2044.0   700.2200010529095   1793.795685123972   5.000022617198852   432.30430122539724   34.86986210200809   1321.6214983138677 
  2045.0   700.4712703199014   1794.763120303039   4.9849285119908835   433.1533208469594   34.904175618524015   1321.7206942680464 
  2046.0   700.3094807435994   1795.6574490845892   4.933923253050615   433.9226816474063   34.94700508009616   1321.8538404572716 
  2047.0   699.2868620556055   1794.1665735602724   4.7558022687576464   432.5515000392001   34.927959255597166   1321.9313118196817 
  2048.0   699.8151855860991   1793.1129443250304   4.970370105201541   431.3667924156889   34.859265339637986   1321.9165176251004 
  2049.0   700.2574379170031   1794.5353662025773   5.020637584185017   432.5888125708255   34.90227671945018   1322.023639524475 
  2050.0   699.6089404322958   1795.182807368803   4.906661951220329   433.1836220309157   34.94246086410469   1322.1500635881707 
  2051.0   699.1804905967449   1793.8104855243475   4.770690678796747   431.9354874767136   34.90906234864125   1322.1952449396167 
  2052.0   700.3328623984956   1793.8015362638994   4.978866293117966   431.7212104541585   34.87822312224438   1322.2232366035573 
  2053.0   701.1209717685632   1794.6408354645334   4.972779844133568   432.4147794431304   34.9191997386   1322.334074516934 
  2054.0   701.5459491284643   1795.7720691843067   5.0018990794260985   433.35069029827565   34.960251462368134   1322.4592284415753 
  2055.0   701.1411891920031   1795.7416910310053   4.86994600963239   433.3165885409033   34.976437757022204   1322.5787178950875 
  2056.0   700.9929335236639   1795.3174154165822   4.896071283783273   432.8111473449302   34.955546100295614   1322.6546503742165 
  2057.0   701.0206866759652   1795.4148943751225   4.8940949645538145   432.806693700025   34.96075813787457   1322.7533487291203 
  2058.0   700.9810937458456   1795.3565071592727   4.909872886924469   432.6559050089026   34.952051425627914   1322.838677955097 
  2059.0   700.2435009914082   1794.647747499986   4.8198514842278675   432.0010198743106   34.92809888533309   1322.8987784474548 
  2060.0   700.1816329427345   1794.9427708873616   4.971930273901955   432.1206704256553   34.90810711788583   1322.9420633215404 
  2061.0   699.5513583479515   1795.2345391207732   4.875649071894198   432.3860042630805   34.92966415475179   1323.0432217385744 
  2062.0   698.4792630751432   1794.2949175747174   4.82987045935786   431.5060288725513   34.88785627470408   1323.0711617029044 
  2063.0   698.6638678016417   1794.6736612587283   4.982926534009975   431.6946456432374   34.876808617028374   1323.1192796678738 
  2064.0   698.8028879116094   1795.4767804076512   4.981659646138825   432.35169309600474   34.911008229605955   1323.2324196629231 
  2065.0   698.3885019560613   1795.3367570658565   4.884320023732219   432.22026771464806   34.914520477271836   1323.317649151871 
  2066.0   698.462975657794   1794.9694333070395   4.89670181813256   431.79119404095053   34.89952980267193   1323.382005637948 
  2067.0   698.2149873406228   1794.7116229502212   4.8890589269403115   431.4911311024151   34.88730621512969   1323.444128247777 
  2068.0   698.2470383573616   1795.1316764075025   4.979126180544664   431.76812281490635   34.88163391705149   1323.502794053988 
  2069.0   697.737930955154   1794.8113662012336   4.833930756874118   431.5155717091429   34.88436112025438   1323.5775031066075 
  2070.0   698.2314410835646   1794.8381819482681   5.002678222854901   431.3623535024731   34.86264450293714   1323.6105050069762 
  2071.0   698.356001592736   1794.7017169782334   4.919233850671263   431.2361946420783   34.870495458490595   1323.675791797497 
  2072.0   698.3531839644144   1794.9381037873063   4.933718206758686   431.4092587496035   34.868767327484214   1323.7263604388556 
  2073.0   698.5632293196444   1794.8307662152254   4.932538130265296   431.27134523456914   34.858804324009625   1323.7680792885137 
  2074.0   699.1031644949658   1794.9639348938063   4.9289642852225555   431.3417534841147   34.86336124940995   1323.829856584107 
  2075.0   699.5980573340593   1795.7369123200351   5.023831436214835   431.92067818908316   34.88078680265974   1323.9116162667292 
  2076.0   699.9556782172787   1796.5423145601121   5.01984522302756   432.57233359496155   34.91945529447885   1324.0306801703314 
  2077.0   699.6518247819545   1796.9582479333421   4.974464343305477   432.8903886024116   34.944724220817015   1324.1486716794523 
  2078.0   699.1334176776056   1797.0284611282314   4.918203360644885   432.90259776725486   34.95348201816418   1324.2541791197168 
  2079.0   699.7738659432896   1797.9532057928484   5.0362887418902265   433.5669742681742   34.97279173286401   1324.3771502578772 
  2080.0   699.6309148057875   1798.6079565399589   4.9403045198191355   434.1042582322055   35.0172379524033   1324.546156695895 
  2081.0   698.8421840922027   1797.5384760380252   4.79688574123677   433.0923172768905   34.99875486816982   1324.6505181843486 
  2082.0   698.5458202474788   1796.9872038369817   4.929343722042569   432.3959599140981   34.955027680519535   1324.706872650603 
  2083.0   698.4658583539   1797.9174722092882   5.019986193008816   433.10023591524435   34.97229849924654   1324.8249517627912 
  2084.0   698.1023826232984   1798.6239336880706   4.928163039490942   433.7134820015996   35.00679102576638   1324.9754978220265 
  2085.0   697.2723070022566   1797.4920110567439   4.809928889981463   432.6614480144524   34.9740619549011   1325.0465731157078 
  2086.0   696.9347144278418   1796.4280760148713   4.842604755697262   431.5977446559837   34.91799340453192   1325.0697342388198 
  2087.0   697.1268097180654   1796.651681395835   5.005438436943218   431.64434267727694   34.893735690559474   1325.1081639745391 
  2088.0   696.8786513148813   1797.4950269546457   4.947309654437524   432.40097213131025   34.9289188882598   1325.2178256245538 
  2089.0   696.8076306284227   1797.4129201984676   4.942491458685888   432.2574005351963   34.923655472096954   1325.289372186485 
  2090.0   697.3120402685735   1798.1230091988327   4.991594322756281   432.789755556632   34.94667272263838   1325.3949864832125 
  2091.0   696.8559364543491   1797.757533362292   4.847192827650921   432.46373293513795   34.952311545003056   1325.494296072972 
  2092.0   695.9424792425175   1796.7232012185905   4.793490243440073   431.48756325379105   34.91129260320491   1325.5308545186135 
  2093.0   695.716616479109   1796.3681762615618   4.891648613160245   431.05640131807985   34.871719895371896   1325.5484071495266 
  2094.0   696.0549927275781   1797.2329175496495   4.969004643850589   431.74949027733936   34.886471378855006   1325.6279496020466 
  2095.0   696.6260599564328   1798.4321251193567   5.011995903225672   432.7387468221904   34.92879581872611   1325.752586585893 
  2096.0   696.6220692004086   1798.712753615708   4.93884984660446   432.93483530890035   34.958318145137085   1325.88075140763 
  2097.0   696.3519926461089   1798.9442467018296   4.936655064335497   433.0527478800834   34.96649669295957   1325.9883486839399 
  2098.0   696.000507860279   1798.1567698619608   4.836800414642191   432.30152182632423   34.948440540974225   1326.070007401065 
  2099.0   695.8304026107082   1797.828035064559   4.930068533207832   431.8572779586559   34.9181424552843   1326.122548647845 
  2100.0   695.9469045283214   1797.668720507366   4.907794476612729   431.6582829192488   34.91007055668811   1326.1925724709677 
  2101.0   695.7616787198092   1797.0534137287698   4.841611099444888   431.0909696720829   34.8846810407987   1326.2361516349247 
  2102.0   695.7252866840769   1797.466195691019   4.914691595761033   431.38763545050926   34.87600598113019   1326.2878632904606 
  2103.0   695.6106633633517   1796.4827788428647   4.808763121267082   430.4931601401804   34.8555508780104   1326.3253041930632 
  2104.0   695.3961838363067   1795.7516412216855   4.937688577385726   429.72524374889434   34.79799499545332   1326.2907140904972 
  2105.0   695.2762067762086   1796.5838109602641   4.953278228180428   430.49479916070567   34.811093481816535   1326.3246384365461 
  2106.0   695.4910116623619   1797.5734013727774   5.006206495492475   431.3236832270997   34.845683771288655   1326.3978293978732 
  2107.0   695.3795922520098   1798.1142087462201   4.977677682138938   431.7699566960478   34.87923029082046   1326.4873445958842 
  2108.0   694.9308083607895   1797.4457537030703   4.83865786364426   431.17832121800575   34.87996461011542   1326.5488108316633 
  2109.0   694.6467317359724   1796.4277648476907   4.880478093364611   430.1674804340027   34.83652903436825   1326.5432774550093 
  2110.0   694.5824472663504   1796.400304297423   4.944923781895027   430.1047186106367   34.81337485393816   1326.537288448246 
  2111.0   694.9691456682806   1796.7066335924808   4.942829015858145   430.3857526631802   34.818121668631505   1326.5599301928323 
  2112.0   695.2903335577937   1798.1638845586508   5.018335204717963   431.6480494970878   34.859821065931555   1326.6376786643689 
  2113.0   695.034561161496   1798.62737091342   4.936557503440495   432.0664291792955   34.89397354441829   1326.730410263805 
  2114.0   695.0490281899818   1798.6657404546268   4.933030879156729   432.0221764919399   34.904358863945944   1326.8061745279829 
  2115.0   695.7710588314395   1799.2766301628399   5.012596582850544   432.4266854750888   34.92965576542353   1326.9076931158957 
  2116.0   695.9131222368391   1799.9702903842808   4.953531065253158   432.99562537317075   34.97166958948017   1327.0494644114633 
  2117.0   695.336084026234   1800.337718016606   4.934111508746259   433.23016939011694   34.99356386611454   1327.1798735684918 
  2118.0   694.9062159964267   1799.8203970406562   4.912627856647446   432.65092814400197   34.981002622023276   1327.275839281082 
  2119.0   694.7307654549295   1798.9754772144377   4.8915778406463994   431.80722688169305   34.94528033284995   1327.331390916637 
  2120.0   694.7090060868749   1798.2727524084048   4.929473359952991   431.0746956364412   34.90564514523418   1327.3629395361822 
  2121.0   694.5348594569085   1798.6706708735655   4.973680031956759   431.3688509012856   34.903709043021635   1327.4244305870468 
  2122.0   695.0383768319836   1799.0133341614355   4.975052998457   431.6208491031742   34.91514309472778   1327.5022885976898 
  2123.0   694.9632074833453   1798.9076568563305   4.887924837724387   431.51671916803764   34.92291111907432   1327.5801017393487 
  2124.0   694.7948246120922   1799.1772473930419   4.9462036146145065   431.66658399132103   34.91964607401445   1327.6448161853586 
  2125.0   694.9959348423806   1799.4032266638421   4.927148227999367   431.8187202258538   34.928272777985626   1327.7290846817464 
  2126.0   694.8078095076869   1798.3119119241037   4.849712894827929   430.7839596132345   34.90242157661543   1327.7758185800021 
  2127.0   694.8314584272972   1798.072440857477   4.964057622115055   430.45310300452934   34.8673718366395   1327.787907542627 
  2128.0   695.0464913542211   1798.881312223305   5.0184176464319705   431.1323526081164   34.88013637704543   1327.8504053057661 
  2129.0   694.9887171345958   1800.007261986985   5.006052399755523   432.12041410283456   34.92192040336025   1327.9588752633888 
  2130.0   694.1094295266831   1800.0567981008226   4.913652493920624   432.14708040666375   34.93875848889034   1328.057306738277 
  2131.0   694.3033051171475   1800.3463447106958   5.027051384539431   432.2631597242228   34.93236376421267   1328.12377111914 
  2132.0   694.1403291550373   1801.4602187160024   5.034537915650196   433.1861412205015   34.97813084461959   1328.2614101485797 
  2133.0   693.4726438805327   1800.6602257671966   4.837953233904475   432.48834837950517   34.979195601959944   1328.3547284461752 
  2134.0   693.5583534541134   1799.8903526715771   4.96279046873344   431.6514153262118   34.92344117783073   1328.3527065753824 
  2135.0   693.6544506056692   1800.3791412939502   4.937466396956987   432.0791857178203   34.93856259560249   1328.423927176012 
  2136.0   693.230108524864   1799.826440837514   4.849620945882111   431.59916926861945   34.92009545874624   1328.4575564070633 
  2137.0   692.8888857886676   1798.3167911785151   4.768190375065892   430.23598335883054   34.86802206229763   1328.4445958185 
  2138.0   693.0174396182878   1797.9001284689068   4.951922840762992   429.73131242342964   34.81556137365037   1328.4013311109018 
  2139.0   693.1073313654588   1799.1776760687785   5.008350375675648   430.87231220776874   34.8451355783138   1328.4518770931484 
  2140.0   693.1955252377492   1800.399955645064   4.99250192157549   431.9607411014652   34.89491270251245   1328.5517982961621 
  2141.0   692.9270293422162   1799.674369210962   4.890017841178379   431.2862413587403   34.89294686372679   1328.6051633106583 
  2142.0   692.7515940668833   1799.5317819167242   4.97835496072216   431.06979877876614   34.86887962108601   1328.6147484610894 
  2143.0   693.0548142171097   1800.2631494917457   4.96944193317257   431.6881958478375   34.90406317977777   1328.7014481921672 
  2144.0   693.0320033171654   1800.126085337407   4.9011781263736305   431.55230970574877   34.90943792132246   1328.7631592634561 
  2145.0   693.0369794857871   1800.8946241119247   4.997575331773584   432.13629758489253   34.924356948131475   1328.8363934288473 
  2146.0   692.9396823060033   1801.4986959024247   4.967294749747449   432.6253562199656   34.9584683850845   1328.947577412771 
  2147.0   692.7261890442946   1800.9920896487324   4.982591375228708   432.0667320067464   34.94230476233101   1329.0004624296735 
  2148.0   692.8330337424468   1800.3994117046602   4.91509103361582   431.49973062335994   34.93226903598883   1329.0523215872468 
  2149.0   692.9554040587624   1800.313052528013   4.965330107453125   431.3268470957672   34.923486667043974   1329.0973881692566 
  2150.0   692.0010755547682   1800.223905724424   4.87814085527752   431.2638085207557   34.92560683331042   1329.1563501829742 
  2151.0   691.5297884741376   1799.5620610986782   4.881225186201709   430.64544851798814   34.88325360665262   1329.152134641738 
  2152.0   691.69153688018   1799.4048859774684   4.873843674017643   430.48868840608696   34.86904417983959   1329.1733103876697 
  2153.0   691.6392001140437   1799.050278514251   4.929617475838009   430.0965022388104   34.845841616444694   1329.178317110262 
  2154.0   691.2123933293358   1798.736603157557   4.8486938355320826   429.86352993882673   34.83561518174424   1329.1887638247688 
  2155.0   690.7881237450332   1798.3603778174977   4.915640913270419   429.4778341726419   34.80378374225904   1329.1631180419147 
  2156.0   690.8012121519099   1798.7720952754348   4.98429574058939   429.811146418676   34.806192331796545   1329.1704616845043 
  2157.0   690.786397023554   1798.2276307792017   4.858667947286109   429.3960239146127   34.800809258283806   1329.1721295814086 
  2158.0   691.3336193975051   1798.2362902133546   5.0180793882653765   429.3050388050741   34.77605411131308   1329.1371183409206 
  2159.0   691.8189329628404   1799.8094754582364   5.0480394777092075   430.7153605330368   34.83545192335742   1329.210622512723 
  2160.0   691.458262324179   1799.280755217002   4.848751181681807   430.3291084860753   34.84910331502412   1329.2537923866182 
  2161.0   691.072431382917   1798.6588901202263   4.898516543086649   429.70156426801145   34.81849941421286   1329.2403094412487 
  2162.0   690.8105279306008   1799.0914766745377   4.990897343430375   430.0252727835061   34.819425927234356   1329.2558804720015 
  2163.0   690.2524255391534   1800.0220643482035   4.977999815984277   430.8659520263502   34.85413553114582   1329.3239766696927 
  2164.0   689.923931979605   1800.739243804509   4.953387819576265   431.47871340700334   34.89179445227436   1329.4153475895505 
  2165.0   689.5283956577327   1799.5718765159606   4.833235022611588   430.4282228197386   34.86958608691232   1329.4408329672988 
  2166.0   689.9755820678846   1799.4075372602622   5.003281375090876   430.12949711097673   34.84004036271473   1329.4347191074664 
  2167.0   690.1874799618204   1800.6831196400326   5.014008617152921   431.2516046364147   34.890082155924915   1329.5274244986938 
  2168.0   690.0926161546446   1801.6964601920397   4.9928397294143325   432.142182040242   34.930592698078215   1329.6308463866385 
  2169.0   689.441075621445   1801.4475538344564   4.878141354436755   431.90594783344073   34.943418375442846   1329.7200460331467 
  2170.0   689.1036132922335   1800.0319223800786   4.8679993680536215   430.5668493284065   34.88509204160047   1329.711982677734 
  2171.0   689.5523817713931   1800.7136476672358   5.000353219956393   431.064065287164   34.88757016431021   1329.7616605903395 
  2172.0   689.392200868483   1801.1493999940744   4.935177771836072   431.45417346417054   34.912637020907766   1329.8474120851677 
  2173.0   688.8807521404083   1800.5150236254622   4.85370516509334   430.8681213218139   34.90020524770374   1329.8929936709008 
  2174.0   687.845551417571   1798.7453229167102   4.743152205310536   429.2922434339182   34.839636998718426   1329.8702913306774 
  2175.0   687.5412574306522   1798.0716660965393   4.942869280946836   428.5685987714378   34.76686293049053   1329.7933357909653 
  2176.0   687.5764327451254   1798.8378836126071   4.970875032005228   429.2680410534862   34.78338221759418   1329.8155846645404 
  2177.0   687.6657820242272   1799.8868854660723   4.990236953686442   430.2022921847093   34.82078755030568   1329.8735690771182 
  2178.0   687.8543047521207   1800.4168713988547   4.980448666240332   430.6460265479731   34.8506703930136   1329.9397246487263 
  2179.0   688.1474694119106   1800.451841893947   4.984523676513017   430.62209032902865   34.85913779589707   1329.9860905431035 
  2180.0   688.2519277164455   1800.4473972383712   4.9542440054449015   430.5759626390079   34.87020293575623   1330.046990340694 
  2181.0   688.7306628861891   1800.0228951891384   4.930272858029098   430.15188178664823   34.86138099260974   1330.0793602639963 
  2182.0   688.6123513498901   1799.2747492527737   4.89372646872291   429.4587010406575   34.8365750806019   1330.085747510902 
  2183.0   689.0906618585822   1799.272689126029   5.034415880495569   429.34471326141073   34.81448686186268   1330.0790725383438 
  2184.0   689.5992699823605   1800.3764564964258   5.06108215714285   430.3105858949324   34.85463115592993   1330.1501566856118 
  2185.0   689.5391974165128   1801.4984971959207   5.019248735504837   431.3154098657158   34.90804062680566   1330.2557982875062 
  2186.0   689.667597906469   1801.7443389306968   4.953485457763232   431.5151916479429   34.93239393016198   1330.3432668637972 
  2187.0   689.9683926362695   1801.2133256641082   4.914940653380731   430.96429504203724   34.92806150728358   1330.4060288348066 
  2188.0   689.5064847625024   1800.1702378901182   4.848524638359815   430.0153254626817   34.88841367863061   1330.4179746586096 
  2189.0   689.2875309719881   1799.5874698069842   4.911716088626247   429.4189010527446   34.84676587400355   1330.4100865713526 
  2190.0   689.1927491318814   1799.169765952159   4.934254075658763   429.01193331730354   34.819603011174024   1330.4039748249104 
  2191.0   689.7653383239975   1799.4768028897727   4.980325053077639   429.26420385400525   34.81622886017189   1330.4160448975147 
  2192.0   690.3265600567465   1799.8990190761667   4.95369718598593   429.6483025372698   34.83567592514317   1330.4613431298017 
  2193.0   690.5560660859837   1800.5365890035002   5.027760526908773   430.13740941913767   34.85389214619195   1330.5175255229794 
  2194.0   690.675932045979   1800.8778730578695   4.996653980141973   430.42279651165495   34.8733592434779   1330.5850632192487 
  2195.0   690.7130805774774   1800.8631382830647   4.938647557275225   430.41088879397824   34.87731350325133   1330.6362868475264 
  2196.0   690.9936374948264   1801.1817244091685   4.990924434711682   430.6169735091758   34.88264463614238   1330.69118159887 
  2197.0   690.6723519493347   1801.134909161471   4.923322656567067   430.57504816624265   34.88625405735262   1330.7502833746207 
  2198.0   690.6900645578747   1800.862989235061   4.907730519892229   430.2730938654829   34.88008229410716   1330.8020837813756 
  2199.0   690.9974967975137   1801.1909126665423   5.057136849538853   430.41285763906103   34.87404533651205   1330.8468728233197 
  2200.0   691.2116439338578   1802.0274395361664   5.014879054041843   431.1541232870622   34.91148284158811   1330.9469552586163 
  2201.0   691.1468039169663   1802.3663436130407   4.990518855958699   431.41040968318254   34.92893799170186   1331.036476472172 
  2202.0   691.5209932682352   1801.771653974059   4.9526796292714765   430.8285645429606   34.9102151582009   1331.0801962360795 
  2203.0   692.2112099224574   1802.6275442704623   5.07582630535502   431.47813822894136   34.92242704950722   1331.1511530127539 
  2204.0   692.5009771249988   1803.608966735817   5.048315109273168   432.32681452228906   34.96550630471342   1331.2683285048313 
  2205.0   692.5488138913873   1803.9240285231986   4.972698641200335   432.57577845628725   34.9929253873357   1331.38262682507 
  2206.0   692.1022597194658   1803.0653020461114   4.862505096974168   431.7808765180739   34.9755857944103   1331.4463357779725 
  2207.0   691.987880107688   1802.4756290021915   4.971805904045179   431.11600071855213   34.930594011202494   1331.457228819566 
  2208.0   691.8884961041427   1801.659989488733   4.9050870347283535   430.3832568168927   34.90285745635007   1331.4687882121202 
  2209.0   691.9652649408627   1801.85596601343   5.003810548397029   430.4926300201288   34.886129709906015   1331.4733952813142 
  2210.0   691.818002743642   1802.5900194960607   4.991697878556795   431.15967041115636   34.91038404470001   1331.5282685638397 
  2211.0   692.0156052633464   1803.373072403214   5.066792605040452   431.79492039840903   34.9295853624282   1331.5817742620673 
  2212.0   692.0976717585999   1805.0339797605911   5.067056809404028   433.2471783566282   35.00045563627799   1331.7192884624264 
  2213.0   691.5266545631744   1805.141835618791   4.950191431499633   433.32084929442834   35.03300414038591   1331.8377915114654 
  2214.0   691.10220836064   1804.6159556209645   4.961695055687764   432.73480808500517   35.017627236526685   1331.9018256967165 
  2215.0   690.4599323194383   1804.2239551315029   4.934066036221619   432.32066919285137   35.00659199455851   1331.9626273803465 
  2216.0   690.0596209525633   1804.1902705740597   4.982074847433358   432.2102731037903   34.98970557340903   1332.008217354799 
  2217.0   690.0555084261434   1803.7287878149318   4.9111497616860165   431.7668090238651   34.98432790565602   1332.0665000061892 
  2218.0   690.0409973634685   1803.628121977057   4.983638579902336   431.5746217130063   34.96874851378997   1332.1011127798888 
  2219.0   689.4777220241766   1803.1423688211844   4.880078868163277   431.1611914601246   34.959574966130354   1332.141523084272 
  2220.0   689.1330015927994   1802.5834446325362   4.941702854891488   430.59141889229113   34.92014233797272   1332.1301805834453 
  2221.0   689.2236235885667   1803.7505785067951   5.008598387368126   431.60387790383885   34.94479337214492   1332.1933081691525 
  2222.0   689.6740886454835   1804.2858157239148   4.958287189740269   432.0704193647743   34.97299407525224   1332.284114355305 
  2223.0   689.5725658805611   1804.591593818099   5.000787635291321   432.24351447060803   34.98302958375267   1332.364261773299 
  2224.0   689.705908598441   1804.9761446581208   5.02363467977953   432.5057330287574   34.9968193025   1332.4499587059827 
  2225.0   689.7597130396892   1805.8356892350305   5.010970870667681   433.2162058509446   35.033932069737084   1332.5745808690594 
  2226.0   689.2397099527718   1804.3584278554295   4.794747306569821   431.9220469678325   35.00825242423029   1332.6333812324074 
  2227.0   689.5350336515223   1803.988916077077   5.036798219723809   431.36142815359835   34.955334778501616   1332.635354710729 
  2228.0   689.7292269875144   1805.0387151163357   5.047516377656291   432.2648425312254   34.990896418709305   1332.735460083457 
  2229.0   689.2596312105908   1804.8813178091373   4.908236371829431   432.1209874638455   35.012748892179715   1332.8393451116967 
  2230.0   689.2673195197372   1804.3409628282225   5.047583152547102   431.46136300947745   34.97369702239499   1332.8583190039353 
  2231.0   689.1865008138691   1805.161520321152   5.0400320695156156   432.16264483125025   35.00444263337732   1332.954401018335 
  2232.0   688.3601173363163   1804.8177179012341   4.882318766259336   431.9002922525125   35.00835976002982   1333.026746666039 
  2233.0   687.9452992489315   1803.8452532280317   4.866799509399391   430.9694811253256   34.96835197315002   1333.0406202110714 
  2234.0   687.6430648052199   1803.39402515239   4.974102672435861   430.4534629754058   34.92968382084781   1333.0367736650903 
  2235.0   688.0126740928744   1804.4029674514827   5.068171841227869   431.2860400190408   34.950714876478244   1333.098041627528 
  2236.0   688.4326075398668   1805.3796520369124   5.046120925743122   432.1370530636306   34.99371562484294   1333.2027642104435 
  2237.0   688.3975050256716   1804.985902109896   4.893980972359563   431.8004834722261   35.00440104423579   1333.2870368578183 
  2238.0   688.6787882351581   1805.1929084332985   5.03126747339587   431.84269896162255   34.98738356041766   1333.3315590225648 
  2239.0   688.65379918809   1805.814676614342   4.967489388406538   432.3793219696539   35.02166273291915   1333.4462030132556 
  2240.0   688.7130909335183   1806.2171738349903   4.9875257990339765   432.6496814010126   35.033860869692035   1333.5461052836315 
  2241.0   688.7115794854275   1806.1828264171868   4.977169560329416   432.5201825651812   35.03828954659112   1333.6471853407152 
  2242.0   688.399052814704   1805.9091016949146   4.9896555811300045   432.1645157809891   35.02823181765005   1333.7266980530283 
  2243.0   688.1799937101431   1805.8990610907533   4.971670847498064   432.0817650638981   35.028723392967315   1333.816901566853 
  2244.0   688.4853418487983   1805.0920546803643   4.927724442867971   431.29813746102684   34.99913712589353   1333.867054441791 
  2245.0   689.2131208075507   1805.3594347806807   5.028797227758653   431.40456922829685   34.9928371029853   1333.9332316798284 
  2246.0   689.4734712164042   1805.674540696529   4.997822888012347   431.65290844604664   35.00370003134152   1334.0201116561261 
  2247.0   689.5687544567861   1806.4067556832345   5.043708749777696   432.21734511533907   35.02207418846306   1334.1236266762842 
  2248.0   689.6827546027841   1806.880470551889   5.00234531147802   432.5876288403013   35.04521958574485   1334.2452766305785 
  2249.0   689.5092164770977   1807.1164056224645   4.971849088885246   432.7294486634726   35.05602469362938   1334.359084350918 
  2250.0   689.453043668139   1806.3721660535948   4.924384190780079   431.99626844765424   35.028876042145775   1334.4226382928732 
  2251.0   689.8763439110618   1806.5498075940855   5.04989106523549   431.99035700268695   35.01679354450642   1334.4927645929024 
  2252.0   689.8985513541752   1806.2763414285866   4.96374897162549   431.72375597231223   35.016050767954574   1334.5727851093736 
  2253.0   689.7970768461756   1806.579302676209   4.994732318145693   431.92158564866037   35.01464711892762   1334.6483403760267 
  2254.0   689.4508151235317   1806.7055338115397   4.977553700000664   431.9720569182774   35.02143070145663   1334.7344938263425 
  2255.0   688.6260471567241   1806.8515432371812   4.970147167218168   432.0359381372021   35.02571954914866   1334.8197373296553 
  2256.0   687.5894527442864   1805.429315070526   4.820077415217832   430.7953643908239   34.979062133823795   1334.8348107752715 
  2257.0   688.3958066016145   1805.0256160700442   5.02369485109802   430.26685841605064   34.92195535284421   1334.8131081258146 
  2258.0   689.0028510432907   1806.4286164367156   5.082396619252944   431.4678271804697   34.96701074913531   1334.9113819488603 
  2259.0   688.8754866895935   1807.057967197552   4.970763642753827   432.0626913883371   35.004287585883986   1335.020225618307 
  2260.0   688.9087907608165   1807.3226934951106   5.021167980088385   432.1827244840571   35.01354956485342   1335.1052512304116 
  2261.0   688.1414890525737   1806.7840288142327   4.913182400620978   431.6883476685593   35.00820358755481   1335.1742951880642 
  2262.0   687.7696559275863   1806.58749912681   5.011756272735383   431.39849151248075   34.978159136436375   1335.1990910947695 
  2263.0   687.8759065122695   1807.0079239453792   4.970432901742281   431.75607804250507   34.99843085663216   1335.2829818773002 
  2264.0   687.7115212504557   1806.6683213795752   4.948163655323936   431.4152956419326   34.98119663409039   1335.3236660189325 
  2265.0   687.8892022427706   1806.0539935693953   4.91085341309549   430.83647430632936   34.95925834771168   1335.3474079217124 
  2266.0   688.2365263689948   1805.5824428445674   4.970365330817737   430.3281245572458   34.93102177252675   1335.3529285162613 
  2267.0   688.3096988641871   1805.4007594277111   5.0001539978851754   430.1296063625695   34.91319472933824   1335.3578044610715 
  2268.0   687.9682080458917   1805.986663925412   5.031847667575972   430.6411976936562   34.92130415190485   1335.3923139667263 
  2269.0   687.1020361508556   1806.2410515789434   4.978090258419277   430.9036879139623   34.92967048737199   1335.4296035007808 
  2270.0   687.1891424537582   1806.362083737199   5.027790119959229   430.9587815301377   34.925731340044486   1335.4497807315158 
  2271.0   687.2572410864941   1806.6886807307656   4.98007806853333   431.2669280134932   34.9455225237389   1335.49615238028 
  2272.0   686.7763648452045   1805.8662566706953   4.877655041682834   430.5681659900075   34.92542801972161   1335.4950077359542 
  2273.0   687.1006637308112   1805.5224749983943   4.940884537897135   430.2167767333909   34.89541482132387   1335.4693991427064 
  2274.0   687.1687371111761   1806.2805603715535   5.024011304695911   430.83807521179597   34.914729775223364   1335.5037447096163 
  2275.0   687.129733782887   1806.5207155184232   4.965356859672699   431.050426043428   34.940935446541694   1335.5639967494442 
  2276.0   686.7993811448495   1806.6824783384432   5.0050683041883275   431.12334861828   34.947504837321624   1335.606555859531 
  2277.0   687.0911624314492   1806.9831083562656   5.0653462991602805   431.3249343638866   34.952078809617284   1335.6407495979447 
  2278.0   686.8505955326777   1808.1029910337013   5.040170061166799   432.33415889411185   34.99761149196066   1335.7310513002103 
  2279.0   686.6103223791503   1808.4742178118893   4.982388538559082   432.6479241756264   35.02408852340823   1335.8198174774282 
  2280.0   686.1543550999851   1807.9985955857433   4.946384670756581   432.1760089664452   35.012648217758326   1335.8635535668188 
  2281.0   685.9233315354638   1807.6683051835357   4.973778229389495   431.79729620232047   34.99884301274671   1335.8983861817082 
  2282.0   685.9095844307925   1807.9290302915963   5.004888980439308   431.9564245293814   35.007615122418656   1335.9601018138064 
  2283.0   686.2330019107399   1808.3003715727975   5.002650747607902   432.2294499669465   35.027473771696904   1336.0407972088722 
  2284.0   685.6763084288442   1807.7877330838041   4.894001418935123   431.7936825487815   35.01549088049567   1336.0845582481732 
  2285.0   685.642921807361   1806.976563930194   4.900498702835476   431.0140941116219   34.97638481667962   1336.085586144928 
  2286.0   686.168706220643   1807.2958523751518   5.036473728805323   431.1792422190895   34.96961063908194   1336.1105254769295 
  2287.0   686.0568085732476   1808.2490914077005   5.0128461522680325   432.03491205767125   35.00623552424931   1336.1950979177786 
  2288.0   685.9251061911284   1808.2929391451767   4.940909631525844   432.07298534436836   35.01737242067007   1336.2616721764218 
  2289.0   685.2843560911322   1808.2423854592755   4.932491431504317   431.9951886058504   35.01036807670816   1336.3043362209964 
  2290.0   684.9761596551022   1808.1920206397   4.955657336233269   431.8826887902843   35.00405349623013   1336.3496218185899 
  2291.0   684.614401525189   1807.1639237387808   4.854567559200898   430.9584654959495   34.979267505731634   1336.371622999342 
  2292.0   684.7790923273775   1806.8357257937937   4.929396588373417   430.58652068404194   34.94868132606311   1336.371128463018 
  2293.0   684.6581005461782   1806.7211494235928   4.9276600813127125   430.45352480495745   34.94295383148112   1336.3970104752625 
  2294.0   684.2916950580275   1806.4478118718082   4.993886823186276   430.1452920549323   34.917646786038404   1336.3909858671077 
  2295.0   684.1019696950026   1807.0825646841151   5.027480023114396   430.6968431213064   34.93214164237493   1336.426099801135 
  2296.0   683.778504048972   1808.120727013175   5.0143767083099   431.6215864253373   34.976230480533154   1336.50853352399 
  2297.0   682.9737799813474   1808.2246838390772   4.956085569062881   431.7158535664192   34.98611137929941   1336.5666341836215 
  2298.0   683.068480655762   1808.8906610917104   5.0387652933338085   432.20217141663363   35.00757156543292   1336.6421528495434 
  2299.0   683.2716265139798   1808.8972429643134   4.950985110861588   432.18492098287805   35.027765858970916   1336.7335711310232 
  2300.0   683.5903803744734   1808.5769266676677   4.989841499893559   431.77484845635115   35.01975311193451   1336.792482247932 
  2301.0   684.2551993776041   1808.3372276996083   4.977158390617433   431.4984625928726   35.015054533152   1336.8465512569967 
  2302.0   684.9214928816858   1807.8681254378891   4.9242226607597495   431.0308362217075   35.00978572863143   1336.9032799189367 
  2303.0   685.6312363218263   1807.7897621647437   4.996739054883382   430.84388568805116   34.99762976706953   1336.9515059048774 
  2304.0   686.135194425966   1807.6246958242846   5.048589278115896   430.6026180284041   34.983365725274275   1336.99012259334 
  2305.0   686.4119645852595   1808.2660875312215   5.064668377181574   431.129621329234   35.005884136004205   1337.0659147827178 
  2306.0   685.6613359108591   1807.9947745477373   4.94262257834955   430.92658010542533   35.00596770224437   1337.119605118558 
  2307.0   685.2138935857275   1807.680633124235   4.92693232718582   430.63407689878596   34.98219541184727   1337.1374299250851 
  2308.0   685.2787443669986   1807.4903164025977   4.942503252658676   430.4301781279343   34.96370961240383   1337.1539244546293 
  2309.0   685.6519868661536   1807.84902470353   5.01801561566511   430.6796983780728   34.96299345303418   1337.1883174744553 
  2310.0   685.8333685315296   1809.2535263268112   5.077261386728044   431.88631288034566   35.0070849488636   1337.2828663046225 
  2311.0   685.6445661960272   1809.5051748438427   5.00403431638853   432.1007748017878   35.02962908390986   1337.3707352846643 
  2312.0   685.9150227390537   1808.8336747318588   4.984274319781845   431.426343611031   35.01252544860571   1337.4105312970512 
  2313.0   686.0490030894077   1808.8202221384947   5.0177054588851915   431.34996005475404   35.004732880566955   1337.4478243897422 
  2314.0   686.5536441319656   1808.9282631320816   4.97955472952857   431.4326824501835   35.01334597677286   1337.5026805002349 
  2315.0   686.3319447331903   1807.8928890513926   4.892728558284006   430.5181890901079   34.979768983073946   1337.5022023118865 
  2316.0   686.6431564366981   1807.3729889217668   5.016244686203897   429.95320684142405   34.9343626397181   1337.4691754991834 
  2317.0   686.7742173194598   1808.1466438101866   5.040220517515671   430.6461261892989   34.9541378024842   1337.5061597343333 
  2318.0   686.7600215035258   1807.9275442584606   4.9374424269918515   430.5017990866627   34.95633408662746   1337.5319675579738 
  2319.0   686.7728081715221   1807.8345023183747   4.947711292790988   430.4107821059726   34.942620868399075   1337.533387920842 
  2320.0   687.1996985720053   1807.8022032628694   4.899982126770675   430.39647525916735   34.94558285874892   1337.5601620477698 
  2321.0   687.1326514771224   1807.3186214779937   4.912444066680962   429.9043069730246   34.93002267467183   1337.5718470048778 
  2322.0   687.2664811854754   1805.7064308880622   4.889116292651349   428.4264486762199   34.87237746343901   1337.5184893978824 
  2323.0   687.6127084094537   1804.9307527185185   4.986595802268206   427.6754699448239   34.822571580684915   1337.446114994167 
  2324.0   687.5371366521567   1804.9385921496205   4.984002368997415   427.7370510255979   34.81197502984704   1337.4055643530469 
  2325.0   687.9951143118034   1805.4474805337245   5.056192177294825   428.2136890283336   34.81079026641975   1337.3668100344485 
  2326.0   688.170076587645   1806.9951333984252   5.10161973583491   429.62869158745696   34.86117232726583   1337.403649427405 
  2327.0   687.4614615125121   1807.357735845573   4.93327282380814   430.07707332965464   34.898242477183494   1337.4491470676685 
  2328.0   687.0297397236811   1806.3172703234723   4.913365428154751   429.14458508620675   34.85673088250429   1337.4025899100059 
  2329.0   687.1636302305656   1806.7398334351954   5.049620692524715   429.4479067096949   34.85328384845954   1337.3890238229105 
  2330.0   686.8718415133031   1806.674581602948   4.932881790985869   429.4694229834629   34.86820666637252   1337.4040698525885 
  2331.0   687.0477583744656   1806.560955115815   4.968116910007659   429.3376058050683   34.86060277121355   1337.3946291683937 
  2332.0   687.2736352502131   1806.4029007702566   5.016736808299265   429.15649113703284   34.851296851665715   1337.3783759503922 
  2333.0   687.8125589403832   1807.133926290564   5.110235296036519   429.7612703289957   34.870290856151286   1337.3921313581804 
  2334.0   687.3701586777038   1807.7233234484802   4.951955661186103   430.40323600095695   34.915107279970464   1337.4530245487917 
  2335.0   687.092906099547   1806.9614174755654   4.935912723080948   429.7222059266313   34.88224276227015   1337.421057451961 
  2336.0   687.5634588424774   1807.7902487020963   5.079052365471632   430.4014791644995   34.887439072348094   1337.4222764589922 
  2337.0   687.5339392119822   1808.1703321974167   4.990979953515593   430.81507877157946   34.911316055529966   1337.4529574085107 
  2338.0   688.2807639161043   1808.8787933389472   5.046726801535161   431.4048733395177   34.93602749221942   1337.4911669029118 
  2339.0   687.8511206775372   1809.05641569813   4.92875502663749   431.614907826952   34.96320869781211   1337.5495453245517 
  2340.0   687.4451899821358   1808.3658412056059   4.94220755133683   430.9564829133905   34.93369641918257   1337.5334544025595 
  2341.0   687.3329696890436   1807.9222125498575   4.924315203518118   430.5643601930152   34.913700660818385   1337.519837006415 
  2342.0   687.6066959451118   1807.407760276151   4.972610438521954   430.05380292565707   34.88777448700177   1337.4935726699148 
  2343.0   687.7047606704136   1808.4332355961153   5.073795197919841   430.927592960889   34.911011785213056   1337.5208368698975 
  2344.0   687.5054571968869   1809.3509100701779   5.077637603390656   431.75271935469885   34.946728724194074   1337.573825668032 
  2345.0   686.8993731748756   1809.5239757263112   4.924773709226813   431.9642188883087   34.984524117374505   1337.6504581797412 
  2346.0   686.903293761241   1809.805420756104   5.0848530286163065   432.0685841402957   34.97851173585105   1337.6734718266903 
  2347.0   686.9844686572119   1810.8935651767536   5.073130634928673   433.0162218194127   35.03093785925258   1337.7732752905015 
  2348.0   686.3708303202831   1811.3313403363381   5.0339980585365245   433.3951946177582   35.05310658039949   1337.8490414437235 
  2349.0   685.9543639216467   1810.4627681667012   4.928550592224567   432.6247613619046   35.03408400480463   1337.8753715604175 
  2350.0   686.1505298831844   1810.6994254020562   5.028038283840776   432.7555278201855   35.02213604874216   1337.8937221190554 
  2351.0   686.2514740422033   1811.5432154427754   5.015232074857851   433.48754096571827   35.05976477535728   1337.9806792914253 
  2352.0   685.7865502052534   1811.4705854763222   4.958687807946279   433.409457390605   35.06418852389442   1338.038251655317 
  2353.0   686.5526801716406   1811.2766770145922   5.013974759902833   433.12166151690536   35.05870581394112   1338.082335666124 
  2354.0   686.884182129362   1811.4233364432007   4.981803090576904   433.20787800951473   35.07750907412527   1338.1561468871332 
  2355.0   686.4900173148051   1810.7359997754509   4.8707149141891755   432.6003297036111   35.067597886605725   1338.197357291698 
  2356.0   686.3268811286505   1810.074824548032   4.965579939454715   431.90072919211707   35.0251827012491   1338.1833326790368 
  2357.0   686.1174942892842   1810.0668810174272   4.94072761730079   431.89309949114886   35.02462913470905   1338.2084235770205 
  2358.0   685.8340625305575   1809.9493986032694   4.916959776615634   431.78377709522925   35.017953451183836   1338.2307078155573 
  2359.0   685.6583007055377   1809.7113379908606   4.996757032774418   431.48968808261634   34.99398051296368   1338.2309138122725 
  2360.0   685.714587222082   1810.4858309160777   5.085015901712136   432.118262164274   35.00929357616245   1338.2732592054506 
  2361.0   685.4911512821977   1811.0187199880534   4.975693931340375   432.6456977508193   35.04527389753168   1338.3520558434511 
  2362.0   684.745528529086   1810.8584574781166   4.941218232200636   432.4818284402471   35.041438546963356   1338.3939727605705 
  2363.0   684.7758721675225   1810.6447983377934   4.97405938668578   432.229825902081   35.02744679914326   1338.41346628563 
  2364.0   685.4515372634693   1811.0247462451289   5.085575074438606   432.4575301283329   35.032113911967755   1338.4495268023275 
  2365.0   685.6679697727816   1811.6010909670795   4.981684012520231   433.01238970951306   35.07061574971968   1338.5364009609314 
  2366.0   686.0938836421649   1812.2702722961592   4.986870359329237   433.56090091043154   35.09710565597872   1338.6253945562785 
  2367.0   685.6528645077401   1812.2737407205693   4.967739676331522   433.4889712985146   35.10830842737646   1338.7087207765553 
  2368.0   685.2771553166265   1811.964369834333   4.954095761777952   433.14536507581767   35.09998740743504   1338.7649217794283 
  2369.0   684.6659016562777   1810.2669313166869   4.851970342197678   431.60787109710174   35.04697826698626   1338.7601128813915 
  2370.0   685.0988814175017   1810.07648281288   5.0205881921533315   431.2995809307556   35.010123228717696   1338.7461881052423 
  2371.0   685.1306369538407   1810.1639574384767   4.973766368144378   431.3933151958603   35.01644590868854   1338.7804304820456 
  2372.0   685.1219053400231   1809.4820344963134   4.948856243174557   430.7804821555802   34.987832681738126   1338.764864237453 
  2373.0   685.2829925162891   1809.3074789299055   4.924781210319526   430.64624923370127   34.97528110095392   1338.761166593246 
  2374.0   685.3339445674395   1809.340146880782   4.986304919850011   430.64539368135877   34.95930311888958   1338.7491464969062 
  2375.0   684.7144206464762   1809.8746661222413   5.033194501876065   431.11202960584325   34.96584587383596   1338.7635955410112 
  2376.0   684.1421116874542   1809.9027012357633   4.941020126481946   431.1940387734475   34.97754564410949   1338.790095841605 
  2377.0   684.3652638011141   1809.9270304700508   4.990308769501408   431.18344199361064   34.967678916645596   1338.785601538524 
  2378.0   684.6238722584027   1810.3241695548827   4.998357204517569   431.5306043076635   34.981297489146364   1338.813912433335 
  2379.0   684.4347735171337   1810.3308232969077   4.941573139208991   431.5497411784278   34.99155588218455   1338.8479538599397 
  2380.0   684.8476829103797   1810.5126488421731   5.0393233115298175   431.6260844770493   34.98665493765714   1338.8605872641199 
  2381.0   685.0277432459739   1811.9373598022182   5.104954653114902   432.85024800643345   35.036806752892815   1338.9453499717258 
  2382.0   684.72753776715   1811.8155163937097   4.942906546756731   432.78619585760464   35.06237358962942   1339.0240405242605 
  2383.0   684.3125588028468   1810.664854011677   4.904497947382674   431.70317365022703   35.02932909727785   1339.0278538198138 
  2384.0   685.0785999096117   1810.5254863704884   5.023966918131245   431.4615339776544   35.00876001294252   1339.0312266269136 
  2385.0   685.7092486232767   1811.6345038903657   5.0988542990577015   432.3913573059721   35.042984618254636   1339.1013072607002 
  2386.0   685.7148089130194   1812.3809143451044   4.98776435474807   433.08072159479343   35.09627852833486   1339.2161497389864 
  2387.0   685.7626334605451   1811.6957523619155   4.930871248308018   432.4150922598937   35.08330292631544   1339.2664854195182 
  2388.0   686.154375037768   1811.4819859441802   4.9971482532026155   432.1097646228221   35.06825393089598   1339.3068195424885 
  2389.0   686.2899365997555   1811.8955082102045   5.080302131655811   432.39300223072814   35.067169150815   1339.3550348838235 
  2390.0   686.0950392452136   1812.471983987082   5.032503649460408   432.9109050258884   35.09268231158155   1339.4358940780355 
  2391.0   685.7483325741142   1812.3933839767824   4.971890095832344   432.8393089982144   35.09115804014156   1339.491025977421 
  2392.0   686.1273631221135   1813.0369042903712   5.0597854716106285   433.3081786034013   35.104792287626964   1339.5641476016785 
  2393.0   685.4148058073422   1812.6148060127023   4.901814827526264   432.9557161546779   35.11390842245903   1339.6433662564737 
  2394.0   684.6023067750411   1811.521786502127   4.87918134215207   431.92346661227396   35.06868031442373   1339.6504582799805 
  2395.0   684.9597183752251   1811.9529632948042   5.073092044767371   432.14856146185934   35.05350957441254   1339.6778006263232 
  2396.0   684.8814197847033   1812.4297349466015   4.96732287393529   432.5845219086807   35.09272747161919   1339.7851630647876 
  2397.0   685.1575093929725   1812.1669042914411   4.969307166634063   432.2806426900278   35.07965475886291   1339.83730026239 
  2398.0   685.4626908816242   1812.7162717911915   5.035671373773679   432.6784649109364   35.088436422191855   1339.9137006705384 
  2399.0   685.6825246233225   1813.4698369339278   5.067574685870725   433.28461982222063   35.10901221228243   1340.00863019342 
  2400.0   684.8407529780121   1813.0822902295624   4.933648633289446   432.9306376178967   35.11907791105406   1340.0989257005078 
  2401.0   684.2911224997952   1812.085221323845   4.99419976389729   431.93336347708413   35.063648195601736   1340.094010142394 
  2402.0   684.3583862735829   1812.4163692393872   5.035328425117047   432.1793106025558   35.06241049846308   1340.1393189967212 
  2403.0   684.4271252097398   1812.3896203033116   4.982495256473504   432.1516291149549   35.06493995965695   1340.1905553086292 
  2404.0   684.1964281700102   1812.9007986416193   5.063871794081196   432.5308127330895   35.06713442010832   1340.238979560651 
  2405.0   683.6767704132558   1813.0934004172177   4.957667061644924   432.7234912467045   35.09039350590239   1340.3218501454844 
  2406.0   683.369728728513   1812.184991586462   4.925043813524561   431.86347799470605   35.05844991683978   1340.3380206609645 
  2407.0   683.3541503265601   1812.5309250687026   5.056295470881584   432.0681956428042   35.04687294052151   1340.3595603519957 
  2408.0   683.5685050941437   1812.597932837148   4.947033239194135   432.1663453336164   35.06594909133633   1340.4186040765035 
  2409.0   683.4980050621499   1811.5031476505314   4.919505714774813   431.13894134639486   35.0318531774218   1340.4128484543241 
  2410.0   683.485203983144   1811.5320755830883   4.997701949443846   431.0867388617774   35.02111125728399   1340.4265229133337 
  2411.0   683.4902973612495   1811.738337479406   4.98806003503388   431.27588762182137   35.02134650602966   1340.453044215936 
  2412.0   683.3156781485476   1812.281103197998   4.9675931437859076   431.7782404636766   35.03559803331484   1340.499671387616 
  2413.0   683.1018140537061   1812.256030215382   4.953484431169464   431.7235443122988   35.03746734369767   1340.5415327965009 
  2414.0   682.8456796361168   1811.8841701408862   4.9545095249845845   431.3552882135415   35.01934177507717   1340.5550300683956 
  2415.0   682.6155440145434   1811.766451387415   4.993558495412732   431.21147448366213   34.99952330935959   1340.5618955770858 
  2416.0   682.3931819343824   1812.1720360723825   4.975263550696539   431.5743511076124   35.013404375950074   1340.6090164079963 
  2417.0   681.796051015036   1811.4503522217221   4.894710823610876   430.9564898883944   34.98831367285043   1340.610838145385 
  2418.0   681.7152977147967   1811.1052636035058   4.983705491399101   430.5869392486861   34.953887366628436   1340.5807322439025 
  2419.0   682.3915144216653   1811.7944662094847   5.080441422651815   431.1484561357121   34.96601823381547   1340.5995498223124 
  2420.0   682.6337334331579   1812.8616319102562   5.0517913029893995   432.10169170364026   35.020575923549536   1340.6875741943475 
  2421.0   682.8243475980072   1813.5597317734776   5.033557295768924   432.69134168150225   35.05812214875084   1340.7767100696074 
  2422.0   682.5979319760378   1813.7503758023217   5.0254332934226955   432.7942033082915   35.0766785636187   1340.8540602341322 
  2423.0   682.4573134699939   1813.0258844411421   4.92951439412772   432.1430036606735   35.0618183356163   1340.8915468896007 
  2424.0   682.5218195167656   1812.8366399365339   4.983090689867697   431.8779162734577   35.05020625139189   1340.9254268070597 
  2425.0   682.397589886801   1812.599776044616   4.919396099997213   431.6680318230417   35.04542120851005   1340.9669273401364 
  2426.0   682.8229196488343   1812.9793883852865   5.020512635887657   431.8987924548113   35.04661101034291   1341.0134698447641 
  2427.0   683.208591600774   1813.4184477962087   5.006071050163682   432.2585044329168   35.066596142850756   1341.0872772222667 
  2428.0   682.9858511553531   1813.3975093272052   4.953549716018037   432.23221527071837   35.06911999556323   1341.1426253158675 
  2429.0   682.8910937929545   1813.8497766880387   5.003396189127899   432.5690320652265   35.07570941694765   1341.2016385879786 
  2430.0   682.8570996421014   1813.8730074281   4.984675364890548   432.52293277693144   35.0890847162603   1341.2763134982508 
  2431.0   682.0866558379211   1813.1972384922756   4.936701656803416   431.8841294808527   35.068692373526055   1341.3077163603755 
  2432.0   680.9297957096777   1812.2666448043171   4.910474970800996   431.03872545276386   35.022891332538556   1341.2945531123441 
  2433.0   681.3321950787515   1812.0843818728404   5.0229298473132795   430.77707347440855   34.99646140889426   1341.2879167716499 
  2434.0   681.7005623942883   1812.738782343035   5.033722832372885   431.3393787310362   35.02280873548736   1341.342872460765 
  2435.0   681.6685270855736   1813.0930443671878   4.975949895395257   431.6828948416087   35.039546430088045   1341.3946521975172 
  2436.0   681.5983120664266   1812.3317955321843   4.873163921374305   431.03415399076823   35.018511545389124   1341.4059648436337 
  2437.0   681.7406945776485   1811.9770036963641   5.016651948184725   430.5951469915873   34.98315142046961   1341.3820542496603 
  2438.0   680.987687920849   1811.0449047793497   4.867166422107889   429.8401482141673   34.96499055426466   1341.372599258844 
  2439.0   681.1374595326758   1811.2374477044682   5.050033803170728   429.9292244833606   34.93224771977282   1341.325940468835 
  2440.0   681.4426379895738   1812.1734934970766   5.034504265046263   430.79749753334676   34.97022723948435   1341.371264605831 
  2441.0   681.3499004212208   1812.708061131955   4.927181270514942   431.3358221934714   35.00673440058182   1341.43832322534 
  2442.0   681.389455684708   1812.2388420143973   4.912485356779842   430.8788434569374   34.99209299061811   1341.4554191180537 
  2443.0   681.16078536256   1811.4370320477985   4.945169665592455   430.11076156901515   34.95256640344586   1341.4285351451322 
  2444.0   680.9152075097849   1811.6331362708622   5.046392612607745   430.22877910395863   34.93967908664096   1341.4182865276912 
  2445.0   680.9921241427471   1811.0524570662215   4.933150108520546   429.75325133198436   34.939668533962454   1341.426387468724 
  2446.0   681.4898072201863   1810.7145380486609   5.034987356795345   429.3859431469089   34.91097900494231   1341.3826288578182 
  2447.0   681.3955663095368   1811.6949509692543   5.058711629274238   430.2819288245155   34.943676966048   1341.4106337355722 
  2448.0   680.9598463319215   1811.8306534110452   4.950890502596359   430.4670351149825   34.968039402365406   1341.4446877924445 
  2449.0   680.4556539824204   1810.615736481486   4.859441606135601   429.39680829223505   34.938158353511156   1341.4213292353204 
  2450.0   680.7626369882067   1810.8734154203642   5.071540716649518   429.50163289153573   34.9153057781821   1341.3849378020795 
  2455.0   681.9823137338556   1810.8502065898458   4.991415790326113   429.3945409615511   34.94251575378264   1341.5217323154163 
  2456.0   681.9901978532364   1810.9243890537696   4.980009947350303   429.47514581647414   34.94065058311773   1341.5285817480622 
  2457.0   681.9242736782844   1811.3275680571207   5.047607449570103   429.81149892295053   34.93674699833288   1341.531714844192 
